CpG context (R1)
================
position	count methylated	count unmethylated	% methylation	coverage
1	81852	666659	10.94	748511
2	81503	661902	10.96	743405
3	81931	660664	11.03	742595
4	83484	662930	11.18	746414
5	83334	655890	11.27	739224
6	82734	658448	11.16	741182
7	82505	659487	11.12	741992
8	81760	659804	11.03	741564
9	82808	665971	11.06	748779
10	84612	676289	11.12	760901
11	83942	668162	11.16	752104
12	83751	667616	11.15	751367
13	84071	670807	11.14	754878
14	84097	667651	11.19	751748
15	84317	666649	11.23	750966
16	84410	667848	11.22	752258
17	83633	665251	11.17	748884
18	83902	669690	11.13	753592
19	84570	667815	11.24	752385
20	84152	669655	11.16	753807
21	84367	665688	11.25	750055
22	84607	676041	11.12	760648
23	84379	663408	11.28	747787
24	85334	667728	11.33	753062
25	84519	660250	11.35	744769
26	84545	663739	11.30	748284
27	84668	662211	11.34	746879
28	85207	665932	11.34	751139
29	84402	664856	11.26	749258
30	84437	664371	11.28	748808
31	84704	672229	11.19	756933
32	84658	669833	11.22	754491
33	85464	672933	11.27	758397
34	85088	669291	11.28	754379
35	85391	664079	11.39	749470
36	85232	666801	11.33	752033
37	86173	670121	11.39	756294
38	85085	669835	11.27	754920
39	85288	669389	11.30	754677
40	85128	670883	11.26	756011
41	85578	668966	11.34	754544
42	86093	673208	11.34	759301
43	86009	671071	11.36	757080
44	85879	672027	11.33	757906
45	85906	667830	11.40	753736
46	86329	669741	11.42	756070
47	86676	670581	11.45	757257
48	86621	672343	11.41	758964
49	86590	672892	11.40	759482
50	85879	671909	11.33	757788
51	86232	670103	11.40	756335
52	85826	669675	11.36	755501
53	85934	673421	11.32	759355
54	85810	666802	11.40	752612
55	85962	673187	11.32	759149
56	86621	669922	11.45	756543
57	86190	668952	11.41	755142
58	86310	668206	11.44	754516
59	86365	666948	11.46	753313
60	86243	669378	11.41	755621
61	87241	672133	11.49	759374
62	86885	670652	11.47	757537
63	87341	667482	11.57	754823
64	86104	670312	11.38	756416
65	86831	668292	11.50	755123
66	86119	669109	11.40	755228
67	86785	669524	11.47	756309
68	86718	669420	11.47	756138
69	87183	669323	11.52	756506
70	86432	668382	11.45	754814
71	86698	673507	11.40	760205
72	87003	669430	11.50	756433
73	86801	672256	11.44	759057
74	87280	666793	11.57	754073
75	86288	663372	11.51	749660
76	86172	662192	11.51	748364
77	87056	660202	11.65	747258
78	86298	662389	11.53	748687
79	86607	666268	11.50	752875
80	86393	667330	11.46	753723
81	86457	666996	11.47	753453
82	87104	664567	11.59	751671
83	86786	662666	11.58	749452
84	86710	664633	11.54	751343
85	87128	664132	11.60	751260
86	86605	659842	11.60	746447
87	87319	666823	11.58	754142
88	87581	663303	11.66	750884
89	87534	663785	11.65	751319
90	88001	660047	11.76	748048
91	87531	662855	11.66	750386
92	87540	656959	11.76	744499
93	87804	657219	11.79	745023
94	87761	657019	11.78	744780
95	87448	657000	11.75	744448
96	87585	653383	11.82	740968
97	88081	653742	11.87	741823
98	88431	651600	11.95	740031
99	87462	648231	11.89	735693
100	88370	653561	11.91	741931
101	88048	651988	11.90	740036
102	88559	649849	11.99	738408
103	88215	648146	11.98	736361
104	88874	645028	12.11	733902
105	88966	643175	12.15	732141
106	89373	643745	12.19	733118
107	89736	641498	12.27	731234
108	88946	636367	12.26	725313
109	89469	636140	12.33	725609
110	89926	634194	12.42	724120
111	89737	636219	12.36	725956
112	90361	637859	12.41	728220
113	90188	632290	12.48	722478
114	90574	629758	12.57	720332
115	90932	625047	12.70	715979
116	91455	622860	12.80	714315
117	91445	619269	12.87	710714
118	91915	619684	12.92	711599
119	91332	616609	12.90	707941
120	91951	614740	13.01	706691
121	91764	611859	13.04	703623
122	91908	607041	13.15	698949
123	92081	604445	13.22	696526
124	92541	604031	13.29	696572
125	92614	598726	13.40	691340
126	93137	594818	13.54	687955
127	93337	595456	13.55	688793
128	94614	590727	13.81	685341
129	93962	585954	13.82	679916
130	94910	584879	13.96	679789
131	111328	595370	15.75	706698

CHG context (R1)
================
position	count methylated	count unmethylated	% methylation	coverage
1	6303	1025412	0.61	1031715
2	6212	1023553	0.60	1029765
3	6062	1019746	0.59	1025808
4	6396	1014107	0.63	1020503
5	6394	1007830	0.63	1014224
6	6111	1010690	0.60	1016801
7	6190	1022133	0.60	1028323
8	6285	1013354	0.62	1019639
9	6238	1025381	0.60	1031619
10	6151	1025619	0.60	1031770
11	6213	1028071	0.60	1034284
12	6126	1032407	0.59	1038533
13	6252	1039986	0.60	1046238
14	6202	1029899	0.60	1036101
15	6367	1031148	0.61	1037515
16	6541	1033716	0.63	1040257
17	6288	1022154	0.61	1028442
18	6253	1025591	0.61	1031844
19	6231	1034187	0.60	1040418
20	6094	1030506	0.59	1036600
21	6392	1032694	0.62	1039086
22	6293	1035661	0.60	1041954
23	6282	1030508	0.61	1036790
24	6284	1034480	0.60	1040764
25	6268	1039795	0.60	1046063
26	6409	1030411	0.62	1036820
27	6491	1036859	0.62	1043350
28	6344	1032097	0.61	1038441
29	6358	1028085	0.61	1034443
30	6453	1030596	0.62	1037049
31	6598	1037214	0.63	1043812
32	6412	1041189	0.61	1047601
33	6387	1036451	0.61	1042838
34	6524	1038916	0.62	1045440
35	6348	1033937	0.61	1040285
36	6321	1037337	0.61	1043658
37	6376	1038582	0.61	1044958
38	6309	1037707	0.60	1044016
39	6503	1034872	0.62	1041375
40	6372	1039079	0.61	1045451
41	6603	1037605	0.63	1044208
42	6490	1039805	0.62	1046295
43	6569	1045054	0.62	1051623
44	6343	1039046	0.61	1045389
45	6430	1042020	0.61	1048450
46	6710	1045919	0.64	1052629
47	6398	1044438	0.61	1050836
48	6453	1035480	0.62	1041933
49	6629	1038114	0.63	1044743
50	6785	1034384	0.65	1041169
51	6956	1036959	0.67	1043915
52	6971	1039263	0.67	1046234
53	6844	1037515	0.66	1044359
54	6941	1037967	0.66	1044908
55	7041	1038249	0.67	1045290
56	7111	1036672	0.68	1043783
57	7042	1038089	0.67	1045131
58	7111	1037519	0.68	1044630
59	7127	1034040	0.68	1041167
60	7152	1038194	0.68	1045346
61	7246	1038338	0.69	1045584
62	7259	1029421	0.70	1036680
63	7502	1033270	0.72	1040772
64	7533	1040147	0.72	1047680
65	7505	1037409	0.72	1044914
66	7589	1034700	0.73	1042289
67	7622	1036457	0.73	1044079
68	7860	1035429	0.75	1043289
69	7910	1033023	0.76	1040933
70	7871	1035942	0.75	1043813
71	7921	1029827	0.76	1037748
72	7978	1030886	0.77	1038864
73	8013	1033360	0.77	1041373
74	8165	1026943	0.79	1035108
75	8247	1029883	0.79	1038130
76	8407	1032195	0.81	1040602
77	8645	1030465	0.83	1039110
78	8761	1031184	0.84	1039945
79	8823	1035346	0.84	1044169
80	9023	1027881	0.87	1036904
81	9054	1028113	0.87	1037167
82	9427	1030340	0.91	1039767
83	9501	1021622	0.92	1031123
84	9677	1026113	0.93	1035790
85	10137	1023220	0.98	1033357
86	10205	1023616	0.99	1033821
87	10148	1021825	0.98	1031973
88	10701	1026279	1.03	1036980
89	10968	1017015	1.07	1027983
90	11232	1016617	1.09	1027849
91	11367	1017464	1.10	1028831
92	11792	1017140	1.15	1028932
93	12124	1013241	1.18	1025365
94	12401	1017496	1.20	1029897
95	12821	1013881	1.25	1026702
96	13365	1009192	1.31	1022557
97	13520	1007245	1.32	1020765
98	13936	1004496	1.37	1018432
99	14677	1002418	1.44	1017095
100	14956	1004426	1.47	1019382
101	15368	1000242	1.51	1015610
102	15840	994591	1.57	1010431
103	16487	995316	1.63	1011803
104	16816	990053	1.67	1006869
105	17397	987607	1.73	1005004
106	17946	987287	1.79	1005233
107	18726	984108	1.87	1002834
108	19318	983420	1.93	1002738
109	19916	980661	1.99	1000577
110	20976	976165	2.10	997141
111	21483	971452	2.16	992935
112	22247	972270	2.24	994517
113	22666	966928	2.29	989594
114	23673	964561	2.40	988234
115	24084	964133	2.44	988217
116	24473	952370	2.51	976843
117	25791	951169	2.64	976960
118	26362	948680	2.70	975042
119	27091	940803	2.80	967894
120	28182	941062	2.91	969244
121	28949	938748	2.99	967697
122	29414	931302	3.06	960716
123	30454	926888	3.18	957342
124	31612	925402	3.30	957014
125	32616	919646	3.43	952262
126	33440	912374	3.54	945814
127	35812	909939	3.79	945751
128	36385	905051	3.86	941436
129	37434	899810	3.99	937244
130	57610	918543	5.90	976153
131	57480	904948	5.97	962428

CHH context (R1)
================
position	count methylated	count unmethylated	% methylation	coverage
1	30430	4586522	0.66	4616952
2	30318	4572697	0.66	4603015
3	30725	4548080	0.67	4578805
4	32252	4531481	0.71	4563733
5	32982	4527532	0.72	4560514
6	31603	4526924	0.69	4558527
7	31268	4558458	0.68	4589726
8	31715	4541744	0.69	4573459
9	31439	4582965	0.68	4614404
10	32516	4585060	0.70	4617576
11	32150	4599117	0.69	4631267
12	32201	4591068	0.70	4623269
13	31460	4594260	0.68	4625720
14	31423	4568565	0.68	4599988
15	31401	4571960	0.68	4603361
16	33645	4567473	0.73	4601118
17	32916	4543360	0.72	4576276
18	31524	4569797	0.69	4601321
19	31607	4596970	0.68	4628577
20	32017	4597990	0.69	4630007
21	32271	4600052	0.70	4632323
22	32164	4626933	0.69	4659097
23	32479	4581493	0.70	4613972
24	32217	4598173	0.70	4630390
25	32196	4616248	0.69	4648444
26	31425	4583817	0.68	4615242
27	32246	4583743	0.70	4615989
28	32458	4594885	0.70	4627343
29	32467	4572523	0.71	4604990
30	32003	4579904	0.69	4611907
31	32349	4608497	0.70	4640846
32	32234	4613833	0.69	4646067
33	32146	4606696	0.69	4638842
34	33100	4618323	0.71	4651423
35	32969	4600928	0.71	4633897
36	32461	4598937	0.70	4631398
37	32456	4603035	0.70	4635491
38	31838	4602481	0.69	4634319
39	32760	4599997	0.71	4632757
40	33041	4629347	0.71	4662388
41	32665	4626929	0.70	4659594
42	33047	4632748	0.71	4665795
43	32685	4629342	0.70	4662027
44	32775	4619722	0.70	4652497
45	33131	4613661	0.71	4646792
46	33765	4609649	0.73	4643414
47	33723	4601179	0.73	4634902
48	34040	4616982	0.73	4651022
49	34526	4621261	0.74	4655787
50	34430	4605034	0.74	4639464
51	34790	4615968	0.75	4650758
52	35189	4616710	0.76	4651899
53	35152	4612199	0.76	4647351
54	36089	4598416	0.78	4634505
55	35282	4602514	0.76	4637796
56	35545	4600217	0.77	4635762
57	36050	4595011	0.78	4631061
58	36235	4601737	0.78	4637972
59	36349	4599457	0.78	4635806
60	36671	4612411	0.79	4649082
61	36969	4613648	0.79	4650617
62	37615	4599995	0.81	4637610
63	37153	4604622	0.80	4641775
64	38416	4612151	0.83	4650567
65	38357	4600331	0.83	4638688
66	38293	4599888	0.83	4638181
67	38558	4595081	0.83	4633639
68	38852	4597379	0.84	4636231
69	39691	4597539	0.86	4637230
70	40410	4595758	0.87	4636168
71	40545	4589885	0.88	4630430
72	40942	4598597	0.88	4639539
73	41178	4603732	0.89	4644910
74	41854	4589675	0.90	4631529
75	42793	4586120	0.92	4628913
76	43427	4589813	0.94	4633240
77	43800	4576256	0.95	4620056
78	44732	4572743	0.97	4617475
79	44983	4578428	0.97	4623411
80	46295	4564975	1.00	4611270
81	47035	4564339	1.02	4611374
82	48047	4583597	1.04	4631644
83	48890	4573928	1.06	4622818
84	50056	4577426	1.08	4627482
85	51054	4578254	1.10	4629308
86	52468	4551849	1.14	4604317
87	52881	4548803	1.15	4601684
88	54661	4533585	1.19	4588246
89	55324	4514714	1.21	4570038
90	56732	4516343	1.24	4573075
91	58571	4528213	1.28	4586784
92	60231	4530137	1.31	4590368
93	61370	4528708	1.34	4590078
94	64128	4535429	1.39	4599557
95	65664	4509078	1.44	4574742
96	67954	4498349	1.49	4566303
97	69883	4487072	1.53	4556955
98	72073	4481872	1.58	4553945
99	73805	4477018	1.62	4550823
100	77270	4484389	1.69	4561659
101	79408	4470660	1.75	4550068
102	81366	4463609	1.79	4544975
103	84586	4478914	1.85	4563500
104	87435	4462800	1.92	4550235
105	90528	4451059	1.99	4541587
106	93880	4432164	2.07	4526044
107	96459	4405337	2.14	4501796
108	100631	4388529	2.24	4489160
109	102867	4382097	2.29	4484964
110	107889	4359577	2.41	4467466
111	109296	4357234	2.45	4466530
112	113475	4365358	2.53	4478833
113	116263	4342772	2.61	4459035
114	120532	4334977	2.71	4455509
115	123554	4312895	2.78	4436449
116	127451	4282743	2.89	4410194
117	131356	4269537	2.98	4400893
118	136136	4261881	3.10	4398017
119	140575	4235587	3.21	4376162
120	144824	4228262	3.31	4373086
121	149049	4214141	3.42	4363190
122	152170	4194261	3.50	4346431
123	157319	4173260	3.63	4330579
124	161657	4164288	3.74	4325945
125	166975	4137132	3.88	4304107
126	174383	4118392	4.06	4292775
127	180722	4119253	4.20	4299975
128	195112	4104759	4.54	4299871
129	200736	4083914	4.69	4284650
130	202650	4067191	4.75	4269841
131	221075	4022881	5.21	4243956

CpG context (R2)
================
position	count methylated	count unmethylated	% methylation	coverage
1	66169	501685	11.65	567854
2	64535	490871	11.62	555406
3	64423	486664	11.69	551087
4	64106	484133	11.69	548239
5	62640	478922	11.57	541562
6	62710	475513	11.65	538223
7	61494	472669	11.51	534163
8	61540	470989	11.56	532529
9	60578	467548	11.47	528126
10	60017	463794	11.46	523811
11	60246	462324	11.53	522570
12	59757	459626	11.51	519383
13	59373	455547	11.53	514920
14	58615	451158	11.50	509773
15	58666	447599	11.59	506265
16	57076	441638	11.44	498714
17	56717	440668	11.40	497385
18	56515	436812	11.46	493327
19	56472	432806	11.54	489278
20	55628	429197	11.47	484825
21	54663	425444	11.39	480107
22	54407	420607	11.45	475014
23	53680	416720	11.41	470400
24	52967	413248	11.36	466215
25	51821	407831	11.27	459652
26	51988	404069	11.40	456057
27	51473	398683	11.43	450156
28	50569	393082	11.40	443651
29	50287	388909	11.45	439196
30	49429	385817	11.36	435246
31	49370	380840	11.48	430210
32	48596	376124	11.44	424720
33	47634	371645	11.36	419279
34	47747	368289	11.48	416036
35	46651	362863	11.39	409514
36	46478	359444	11.45	405922
37	45683	355218	11.40	400901
38	44963	350973	11.36	395936
39	45123	347132	11.50	392255
40	44022	343356	11.36	387378
41	43867	337560	11.50	381427
42	43630	336720	11.47	380350
43	42973	331609	11.47	374582
44	42436	328279	11.45	370715
45	41922	323961	11.46	365883
46	41282	320331	11.42	361613
47	40682	315974	11.41	356656
48	40678	311519	11.55	352197
49	39954	307755	11.49	347709
50	38949	303200	11.38	342149
51	38685	299941	11.42	338626
52	38569	296517	11.51	335086
53	37954	292184	11.50	330138
54	37613	288653	11.53	326266
55	37043	286373	11.45	323416
56	36640	282326	11.49	318966
57	36285	278659	11.52	314944
58	35390	275218	11.39	310608
59	34733	272217	11.32	306950
60	34444	268580	11.37	303024
61	34497	265578	11.50	300075
62	33676	262033	11.39	295709
63	33435	259369	11.42	292804
64	32820	254465	11.42	287285
65	32572	250302	11.51	282874
66	32058	248633	11.42	280691
67	31673	244750	11.46	276423
68	31472	241256	11.54	272728
69	30779	239381	11.39	270160
70	30323	235482	11.41	265805
71	30172	232909	11.47	263081
72	30050	229833	11.56	259883
73	29406	226279	11.50	255685
74	29045	224012	11.48	253057
75	28672	221429	11.46	250101
76	28186	217923	11.45	246109
77	28092	215333	11.54	243425
78	27435	212371	11.44	239806
79	27184	210687	11.43	237871
80	26621	206545	11.42	233166
81	26395	204817	11.42	231212
82	26085	202114	11.43	228199
83	25878	200002	11.46	225880
84	25452	196666	11.46	222118
85	25418	194374	11.56	219792
86	24691	192218	11.38	216909
87	24550	189536	11.47	214086
88	24031	186106	11.44	210137
89	23644	183736	11.40	207380
90	23654	181253	11.54	204907
91	23167	180317	11.39	203484
92	22773	177319	11.38	200092
93	22556	175748	11.37	198304
94	22570	172955	11.54	195525
95	21873	170619	11.36	192492
96	22062	169875	11.49	191937
97	21282	166893	11.31	188175
98	20954	164259	11.31	185213
99	21218	161617	11.60	182835
100	20647	160303	11.41	180950
101	20253	158866	11.31	179119
102	20270	155711	11.52	175981
103	19534	153989	11.26	173523
104	19555	152878	11.34	172433
105	19453	149962	11.48	169415
106	19130	148311	11.42	167441
107	18614	146470	11.28	165084
108	18516	144714	11.34	163230
109	18273	142189	11.39	160462
110	17975	140403	11.35	158378
111	17752	138283	11.38	156035
112	17639	137565	11.37	155204
113	17175	135491	11.25	152666
114	17097	134451	11.28	151548
115	16919	132636	11.31	149555
116	16564	130040	11.30	146604
117	16300	129645	11.17	145945
118	16234	127461	11.30	143695
119	16150	125529	11.40	141679
120	15749	124048	11.27	139797
121	15644	122674	11.31	138318
122	15458	120736	11.35	136194
123	15284	119148	11.37	134432
124	15145	117979	11.38	133124
125	14952	116358	11.39	131310
126	14560	114633	11.27	129193
127	14345	113568	11.21	127913
128	14231	112581	11.22	126812
129	13965	110947	11.18	124912
130	13976	109338	11.33	123314
131	13556	107562	11.19	121118

CHG context (R2)
================
position	count methylated	count unmethylated	% methylation	coverage
1	10942	761002	1.42	771944
2	9918	756881	1.29	766799
3	7283	744370	0.97	751653
4	6465	739449	0.87	745914
5	5928	733854	0.80	739782
6	5507	726795	0.75	732302
7	5063	718619	0.70	723682
8	4798	714622	0.67	719420
9	4624	709622	0.65	714246
10	4750	704011	0.67	708761
11	4396	703939	0.62	708335
12	4325	697827	0.62	702152
13	4240	693480	0.61	697720
14	4080	688288	0.59	692368
15	4196	682089	0.61	686285
16	4179	675057	0.62	679236
17	3995	672601	0.59	676596
18	3994	669137	0.59	673131
19	3828	662077	0.57	665905
20	3809	654997	0.58	658806
21	3815	648343	0.58	652158
22	3764	642348	0.58	646112
23	3634	638042	0.57	641676
24	3606	630188	0.57	633794
25	3555	622706	0.57	626261
26	3747	618319	0.60	622066
27	3557	612339	0.58	615896
28	3631	604931	0.60	608562
29	3535	599159	0.59	602694
30	3510	591717	0.59	595227
31	3586	585801	0.61	589387
32	3332	578713	0.57	582045
33	3438	571042	0.60	574480
34	3631	565172	0.64	568803
35	3341	561088	0.59	564429
36	3198	553431	0.57	556629
37	3163	547392	0.57	550555
38	3087	540584	0.57	543671
39	3297	534242	0.61	537539
40	3076	528947	0.58	532023
41	3047	521728	0.58	524775
42	3184	513777	0.62	516961
43	3188	510441	0.62	513629
44	2874	502719	0.57	505593
45	2960	496387	0.59	499347
46	2801	494186	0.56	496987
47	2935	485084	0.60	488019
48	2797	480443	0.58	483240
49	2758	474912	0.58	477670
50	2648	468080	0.56	470728
51	2645	462492	0.57	465137
52	2847	457318	0.62	460165
53	2860	450883	0.63	453743
54	2553	444971	0.57	447524
55	2704	441235	0.61	443939
56	2536	435999	0.58	438535
57	2532	431334	0.58	433866
58	2470	424674	0.58	427144
59	2369	420015	0.56	422384
60	2318	414169	0.56	416487
61	2287	409718	0.56	412005
62	2325	404076	0.57	406401
63	2300	397236	0.58	399536
64	2349	393868	0.59	396217
65	2232	386336	0.57	388568
66	2287	382895	0.59	385182
67	2237	379233	0.59	381470
68	2185	373658	0.58	375843
69	2120	369475	0.57	371595
70	2159	366527	0.59	368686
71	2144	360770	0.59	362914
72	2027	355952	0.57	357979
73	2228	351864	0.63	354092
74	2136	347572	0.61	349708
75	2187	341227	0.64	343414
76	2106	336723	0.62	338829
77	1959	332585	0.59	334544
78	1942	328815	0.59	330757
79	1945	325790	0.59	327735
80	1904	321397	0.59	323301
81	1947	317030	0.61	318977
82	1859	314202	0.59	316061
83	1841	308571	0.59	310412
84	1711	305270	0.56	306981
85	1752	302713	0.58	304465
86	1655	297635	0.55	299290
87	1739	293155	0.59	294894
88	1746	290756	0.60	292502
89	1680	286408	0.58	288088
90	1673	283281	0.59	284954
91	1658	278877	0.59	280535
92	1618	276090	0.58	277708
93	1693	273770	0.61	275463
94	1658	269241	0.61	270899
95	1614	265385	0.60	266999
96	1543	261888	0.59	263431
97	1559	259088	0.60	260647
98	1489	255535	0.58	257024
99	1598	251662	0.63	253260
100	1504	249461	0.60	250965
101	1378	246489	0.56	247867
102	1486	242868	0.61	244354
103	1425	240064	0.59	241489
104	1465	236755	0.61	238220
105	1458	233910	0.62	235368
106	1409	230535	0.61	231944
107	1369	228292	0.60	229661
108	1308	224344	0.58	225652
109	1417	221516	0.64	222933
110	1345	219988	0.61	221333
111	1305	216352	0.60	217657
112	1306	213181	0.61	214487
113	1274	211204	0.60	212478
114	1257	208297	0.60	209554
115	1278	205116	0.62	206394
116	1272	201648	0.63	202920
117	1199	199766	0.60	200965
118	1201	198460	0.60	199661
119	1170	194542	0.60	195712
120	1205	191425	0.63	192630
121	1153	190304	0.60	191457
122	1229	187860	0.65	189089
123	1176	185627	0.63	186803
124	1090	182275	0.59	183365
125	1108	179994	0.61	181102
126	1086	177987	0.61	179073
127	1150	175663	0.65	176813
128	1110	174225	0.63	175335
129	1031	171325	0.60	172356
130	1222	170528	0.71	171750
131	1099	166606	0.66	167705

CHH context (R2)
================
position	count methylated	count unmethylated	% methylation	coverage
1	46383	3527085	1.30	3573468
2	41819	3508005	1.18	3549824
3	38822	3477415	1.10	3516237
4	35592	3446681	1.02	3482273
5	32356	3404255	0.94	3436611
6	30099	3365288	0.89	3395387
7	28388	3328644	0.85	3357032
8	27043	3301015	0.81	3328058
9	26028	3273479	0.79	3299507
10	25846	3244251	0.79	3270097
11	24536	3221917	0.76	3246453
12	23393	3192902	0.73	3216295
13	22900	3163790	0.72	3186690
14	22332	3131852	0.71	3154184
15	22546	3102303	0.72	3124849
16	21638	3063553	0.70	3085191
17	20994	3044701	0.68	3065695
18	20513	3018497	0.67	3039010
19	20357	2986995	0.68	3007352
20	20116	2959520	0.68	2979636
21	19730	2930616	0.67	2950346
22	19667	2901491	0.67	2921158
23	19154	2867508	0.66	2886662
24	19127	2833640	0.67	2852767
25	18825	2802774	0.67	2821599
26	18956	2769985	0.68	2788941
27	19062	2743283	0.69	2762345
28	18416	2718990	0.67	2737406
29	17951	2688425	0.66	2706376
30	17562	2664364	0.65	2681926
31	18033	2628862	0.68	2646895
32	17284	2602560	0.66	2619844
33	17778	2566196	0.69	2583974
34	18290	2536582	0.72	2554872
35	16754	2509494	0.66	2526248
36	16469	2480833	0.66	2497302
37	16393	2448574	0.67	2464967
38	16362	2419822	0.67	2436184
39	16490	2394964	0.68	2411454
40	15977	2363163	0.67	2379140
41	16134	2337559	0.69	2353693
42	16464	2309419	0.71	2325883
43	16328	2281455	0.71	2297783
44	15223	2253475	0.67	2268698
45	15311	2226116	0.68	2241427
46	14938	2200080	0.67	2215018
47	14977	2172875	0.68	2187852
48	14610	2147169	0.68	2161779
49	14395	2120136	0.67	2134531
50	14244	2092797	0.68	2107041
51	13767	2068118	0.66	2081885
52	14261	2042848	0.69	2057109
53	14601	2012541	0.72	2027142
54	13684	1993581	0.68	2007265
55	14157	1968827	0.71	1982984
56	13252	1942451	0.68	1955703
57	12938	1915677	0.67	1928615
58	12960	1895402	0.68	1908362
59	13018	1872416	0.69	1885434
60	12871	1848502	0.69	1861373
61	12566	1826118	0.68	1838684
62	12562	1801671	0.69	1814233
63	12386	1780837	0.69	1793223
64	12072	1755766	0.68	1767838
65	11905	1728384	0.68	1740289
66	11874	1708683	0.69	1720557
67	11772	1691753	0.69	1703525
68	11699	1667038	0.70	1678737
69	11700	1650073	0.70	1661773
70	11403	1628478	0.70	1639881
71	11476	1608137	0.71	1619613
72	11307	1586535	0.71	1597842
73	11774	1564135	0.75	1575909
74	11596	1547625	0.74	1559221
75	11562	1525054	0.75	1536616
76	11280	1506626	0.74	1517906
77	10967	1491179	0.73	1502146
78	10895	1472553	0.73	1483448
79	10542	1453499	0.72	1464041
80	10299	1437258	0.71	1447557
81	10503	1419498	0.73	1430001
82	10084	1402895	0.71	1412979
83	10155	1383015	0.73	1393170
84	9831	1366116	0.71	1375947
85	9758	1349648	0.72	1359406
86	9772	1331661	0.73	1341433
87	9337	1314966	0.71	1324303
88	9444	1298880	0.72	1308324
89	9382	1282529	0.73	1291911
90	9565	1265078	0.75	1274643
91	9305	1250225	0.74	1259530
92	9105	1234874	0.73	1243979
93	9089	1220443	0.74	1229532
94	9024	1202899	0.74	1211923
95	9010	1187238	0.75	1196248
96	8927	1172735	0.76	1181662
97	8683	1158700	0.74	1167383
98	8609	1144985	0.75	1153594
99	8841	1126809	0.78	1135650
100	8410	1114483	0.75	1122893
101	8473	1102739	0.76	1111212
102	8412	1086118	0.77	1094530
103	8085	1073781	0.75	1081866
104	8328	1062639	0.78	1070967
105	7992	1047123	0.76	1055115
106	8024	1033632	0.77	1041656
107	7916	1020563	0.77	1028479
108	7916	1006519	0.78	1014435
109	7937	991966	0.79	999903
110	7689	982637	0.78	990326
111	7675	970342	0.78	978017
112	7542	954470	0.78	962012
113	7564	945243	0.79	952807
114	7385	933553	0.78	940938
115	7361	920916	0.79	928277
116	7296	909539	0.80	916835
117	7322	896869	0.81	904191
118	7047	887557	0.79	894604
119	7095	875162	0.80	882257
120	7187	863172	0.83	870359
121	7058	851581	0.82	858639
122	6969	842144	0.82	849113
123	6899	831162	0.82	838061
124	6825	821623	0.82	828448
125	6694	809060	0.82	815754
126	6655	798175	0.83	804830
127	6623	788116	0.83	794739
128	6957	777425	0.89	784382
129	6687	769989	0.86	776676
130	6695	760913	0.87	767608
131	6944	749393	0.92	756337

