CpG context (R1)
================
position	count methylated	count unmethylated	% methylation	coverage
1	6	74	7.50	80
2	9	84	9.68	93
3	13	54	19.40	67
4	13	90	12.62	103
5	11	62	15.07	73
6	9	103	8.04	112
7	10	64	13.51	74
8	9	73	10.98	82
9	12	54	18.18	66
10	11	64	14.67	75
11	11	75	12.79	86
12	8	77	9.41	85
13	8	79	9.20	87
14	13	73	15.12	86
15	13	71	15.48	84
16	7	67	9.46	74
17	14	81	14.74	95
18	9	68	11.69	77
19	13	71	15.48	84
20	9	70	11.39	79
21	10	84	10.64	94
22	7	80	8.05	87
23	11	92	10.68	103
24	5	79	5.95	84
25	6	78	7.14	84
26	5	71	6.58	76
27	9	76	10.59	85
28	8	73	9.88	81
29	6	77	7.23	83
30	14	82	14.58	96
31	8	79	9.20	87
32	8	86	8.51	94
33	10	66	13.16	76
34	13	66	16.46	79
35	8	78	9.30	86
36	1	77	1.28	78
37	7	87	7.45	94
38	6	76	7.32	82
39	6	84	6.67	90
40	5	71	6.58	76
41	17	76	18.28	93
42	7	69	9.21	76
43	9	69	11.54	78
44	8	87	8.42	95
45	9	86	9.47	95
46	7	73	8.75	80
47	11	67	14.10	78
48	2	86	2.27	88
49	7	87	7.45	94
50	7	79	8.14	86
51	9	84	9.68	93
52	8	85	8.60	93
53	9	95	8.65	104
54	11	92	10.68	103
55	9	79	10.23	88
56	8	84	8.70	92
57	7	68	9.33	75
58	10	76	11.63	86
59	4	77	4.94	81
60	6	81	6.90	87
61	13	74	14.94	87
62	10	92	9.80	102
63	14	83	14.43	97
64	18	76	19.15	94
65	12	71	14.46	83
66	11	85	11.46	96
67	10	89	10.10	99
68	7	87	7.45	94
69	8	92	8.00	100
70	12	78	13.33	90
71	7	66	9.59	73
72	8	87	8.42	95
73	8	61	11.59	69
74	8	75	9.64	83
75	9	85	9.57	94
76	13	58	18.31	71
77	10	78	11.36	88
78	4	76	5.00	80
79	11	76	12.64	87
80	8	87	8.42	95
81	6	81	6.90	87
82	10	81	10.99	91
83	5	81	5.81	86
84	6	75	7.41	81
85	7	80	8.05	87
86	9	71	11.25	80
87	9	85	9.57	94
88	12	80	13.04	92
89	11	83	11.70	94
90	11	70	13.58	81
91	10	84	10.64	94
92	8	89	8.25	97
93	5	87	5.43	92
94	8	75	9.64	83
95	9	77	10.47	86
96	11	76	12.64	87
97	7	84	7.69	91
98	8	77	9.41	85
99	7	81	7.95	88
100	12	83	12.63	95
101	8	103	7.21	111
102	10	80	11.11	90
103	9	66	12.00	75
104	5	73	6.41	78
105	9	78	10.34	87
106	8	76	9.52	84
107	9	79	10.23	88
108	4	54	6.90	58
109	8	86	8.51	94
110	10	63	13.70	73
111	12	80	13.04	92
112	13	92	12.38	105
113	7	80	8.05	87
114	12	94	11.32	106
115	16	70	18.60	86
116	9	94	8.74	103
117	8	70	10.26	78
118	7	84	7.69	91
119	11	72	13.25	83
120	7	91	7.14	98
121	11	94	10.48	105
122	7	72	8.86	79
123	7	86	7.53	93
124	13	89	12.75	102
125	11	91	10.78	102
126	9	73	10.98	82
127	9	76	10.59	85
128	6	96	5.88	102
129	10	73	12.05	83
130	7	87	7.45	94
131	11	83	11.70	94
132	10	89	10.10	99
133	11	88	11.11	99
134	12	68	15.00	80
135	14	64	17.95	78
136	14	93	13.08	107
137	8	72	10.00	80
138	12	74	13.95	86
139	15	64	18.99	79
140	10	64	13.51	74
141	14	80	14.89	94
142	11	54	16.92	65
143	10	71	12.35	81
144	12	89	11.88	101
145	14	72	16.28	86
146	14	70	16.67	84
147	12	94	11.32	106
148	17	75	18.48	92
149	21	81	20.59	102
150	10	71	12.35	81
151	14	77	15.38	91

CHG context (R1)
================
position	count methylated	count unmethylated	% methylation	coverage
1	0	134	0.00	134
2	0	118	0.00	118
3	0	89	0.00	89
4	0	109	0.00	109
5	1	133	0.75	134
6	0	111	0.00	111
7	0	122	0.00	122
8	0	103	0.00	103
9	0	114	0.00	114
10	0	110	0.00	110
11	1	116	0.85	117
12	0	122	0.00	122
13	1	113	0.88	114
14	0	129	0.00	129
15	0	110	0.00	110
16	0	115	0.00	115
17	0	142	0.00	142
18	1	126	0.79	127
19	0	93	0.00	93
20	2	128	1.54	130
21	1	115	0.86	116
22	2	127	1.55	129
23	0	107	0.00	107
24	2	106	1.85	108
25	0	99	0.00	99
26	0	108	0.00	108
27	0	112	0.00	112
28	0	111	0.00	111
29	0	117	0.00	117
30	0	136	0.00	136
31	0	117	0.00	117
32	2	119	1.65	121
33	0	123	0.00	123
34	0	118	0.00	118
35	0	87	0.00	87
36	1	128	0.78	129
37	1	116	0.85	117
38	1	106	0.93	107
39	0	133	0.00	133
40	0	131	0.00	131
41	0	122	0.00	122
42	0	133	0.00	133
43	1	138	0.72	139
44	0	118	0.00	118
45	0	120	0.00	120
46	1	120	0.83	121
47	1	101	0.98	102
48	0	130	0.00	130
49	2	129	1.53	131
50	0	105	0.00	105
51	1	105	0.94	106
52	3	126	2.33	129
53	1	104	0.95	105
54	1	139	0.71	140
55	0	115	0.00	115
56	0	116	0.00	116
57	0	121	0.00	121
58	1	119	0.83	120
59	0	132	0.00	132
60	0	122	0.00	122
61	1	124	0.80	125
62	0	116	0.00	116
63	1	127	0.78	128
64	1	115	0.86	116
65	0	139	0.00	139
66	1	120	0.83	121
67	0	128	0.00	128
68	0	117	0.00	117
69	2	124	1.59	126
70	2	119	1.65	121
71	0	140	0.00	140
72	2	108	1.82	110
73	0	138	0.00	138
74	1	122	0.81	123
75	0	109	0.00	109
76	0	146	0.00	146
77	0	114	0.00	114
78	0	134	0.00	134
79	2	99	1.98	101
80	0	126	0.00	126
81	0	124	0.00	124
82	0	100	0.00	100
83	1	109	0.91	110
84	1	123	0.81	124
85	0	106	0.00	106
86	1	121	0.82	122
87	2	127	1.55	129
88	1	142	0.70	143
89	0	135	0.00	135
90	1	127	0.78	128
91	1	121	0.82	122
92	1	124	0.80	125
93	0	124	0.00	124
94	0	121	0.00	121
95	0	110	0.00	110
96	0	114	0.00	114
97	2	108	1.82	110
98	0	116	0.00	116
99	1	124	0.80	125
100	0	124	0.00	124
101	3	130	2.26	133
102	2	120	1.64	122
103	1	119	0.83	120
104	0	135	0.00	135
105	1	129	0.77	130
106	0	122	0.00	122
107	0	126	0.00	126
108	0	140	0.00	140
109	1	117	0.85	118
110	4	94	4.08	98
111	1	131	0.76	132
112	0	107	0.00	107
113	1	126	0.79	127
114	0	103	0.00	103
115	1	111	0.89	112
116	0	121	0.00	121
117	2	132	1.49	134
118	0	112	0.00	112
119	1	132	0.75	133
120	1	106	0.93	107
121	1	126	0.79	127
122	0	111	0.00	111
123	1	112	0.88	113
124	0	112	0.00	112
125	3	113	2.59	116
126	1	118	0.84	119
127	1	130	0.76	131
128	2	132	1.49	134
129	1	128	0.78	129
130	2	116	1.69	118
131	2	105	1.87	107
132	3	121	2.42	124
133	2	105	1.87	107
134	1	129	0.77	130
135	1	127	0.78	128
136	1	127	0.78	128
137	0	107	0.00	107
138	2	114	1.72	116
139	4	103	3.74	107
140	1	107	0.93	108
141	2	113	1.74	115
142	1	110	0.90	111
143	4	121	3.20	125
144	6	100	5.66	106
145	3	92	3.16	95
146	3	125	2.34	128
147	2	104	1.89	106
148	10	114	8.06	124
149	14	104	11.86	118
150	11	111	9.02	122
151	9	126	6.67	135

CHH context (R1)
================
position	count methylated	count unmethylated	% methylation	coverage
1	1	478	0.21	479
2	3	426	0.70	429
3	5	365	1.35	370
4	3	486	0.61	489
5	3	502	0.59	505
6	2	524	0.38	526
7	3	453	0.66	456
8	3	488	0.61	491
9	2	538	0.37	540
10	5	515	0.96	520
11	2	511	0.39	513
12	6	515	1.15	521
13	5	499	0.99	504
14	1	525	0.19	526
15	0	511	0.00	511
16	3	512	0.58	515
17	4	519	0.76	523
18	2	526	0.38	528
19	6	500	1.19	506
20	4	492	0.81	496
21	5	469	1.05	474
22	4	503	0.79	507
23	3	506	0.59	509
24	1	497	0.20	498
25	0	493	0.00	493
26	1	470	0.21	471
27	3	509	0.59	512
28	3	563	0.53	566
29	4	534	0.74	538
30	2	509	0.39	511
31	2	548	0.36	550
32	4	519	0.76	523
33	3	534	0.56	537
34	2	519	0.38	521
35	1	496	0.20	497
36	4	489	0.81	493
37	0	522	0.00	522
38	1	481	0.21	482
39	5	507	0.98	512
40	2	495	0.40	497
41	5	507	0.98	512
42	3	529	0.56	532
43	6	467	1.27	473
44	2	502	0.40	504
45	1	536	0.19	537
46	1	534	0.19	535
47	2	534	0.37	536
48	6	523	1.13	529
49	8	537	1.47	545
50	2	529	0.38	531
51	3	557	0.54	560
52	2	540	0.37	542
53	4	540	0.74	544
54	0	524	0.00	524
55	2	541	0.37	543
56	3	538	0.55	541
57	3	528	0.56	531
58	2	491	0.41	493
59	1	476	0.21	477
60	1	554	0.18	555
61	3	515	0.58	518
62	2	542	0.37	544
63	8	541	1.46	549
64	4	539	0.74	543
65	4	540	0.74	544
66	2	504	0.40	506
67	4	509	0.78	513
68	1	536	0.19	537
69	2	486	0.41	488
70	4	502	0.79	506
71	1	510	0.20	511
72	2	518	0.38	520
73	4	544	0.73	548
74	4	552	0.72	556
75	6	535	1.11	541
76	4	500	0.79	504
77	7	525	1.32	532
78	3	540	0.55	543
79	1	551	0.18	552
80	3	555	0.54	558
81	1	528	0.19	529
82	4	551	0.72	555
83	1	568	0.18	569
84	0	538	0.00	538
85	2	510	0.39	512
86	2	541	0.37	543
87	3	519	0.57	522
88	0	509	0.00	509
89	2	500	0.40	502
90	3	516	0.58	519
91	4	569	0.70	573
92	2	568	0.35	570
93	2	525	0.38	527
94	5	488	1.01	493
95	6	569	1.04	575
96	3	533	0.56	536
97	3	507	0.59	510
98	4	514	0.77	518
99	3	492	0.61	495
100	5	527	0.94	532
101	5	480	1.03	485
102	5	500	0.99	505
103	2	544	0.37	546
104	7	524	1.32	531
105	3	497	0.60	500
106	2	514	0.39	516
107	5	523	0.95	528
108	3	549	0.54	552
109	7	527	1.31	534
110	4	484	0.82	488
111	4	550	0.72	554
112	3	544	0.55	547
113	2	542	0.37	544
114	6	530	1.12	536
115	1	518	0.19	519
116	7	541	1.28	548
117	2	508	0.39	510
118	6	511	1.16	517
119	2	533	0.37	535
120	5	519	0.95	524
121	4	526	0.75	530
122	3	522	0.57	525
123	4	510	0.78	514
124	4	534	0.74	538
125	3	481	0.62	484
126	5	474	1.04	479
127	3	515	0.58	518
128	10	518	1.89	528
129	12	508	2.31	520
130	7	513	1.35	520
131	8	500	1.57	508
132	8	510	1.54	518
133	12	501	2.34	513
134	10	505	1.94	515
135	10	481	2.04	491
136	6	504	1.18	510
137	8	467	1.68	475
138	10	524	1.87	534
139	19	508	3.61	527
140	17	513	3.21	530
141	16	497	3.12	513
142	18	503	3.45	521
143	27	525	4.89	552
144	17	511	3.22	528
145	23	484	4.54	507
146	29	499	5.49	528
147	26	465	5.30	491
148	34	461	6.87	495
149	36	449	7.42	485
150	35	442	7.34	477
151	26	431	5.69	457

CpG context (R2)
================
position	count methylated	count unmethylated	% methylation	coverage
1	151	27	84.83	178
2	47	4	92.16	51
3	26	12	68.42	38
4	37	26	58.73	63
5	26	29	47.27	55
6	26	33	44.07	59
7	20	32	38.46	52
8	16	45	26.23	61
9	14	41	25.45	55
10	11	56	16.42	67
11	13	61	17.57	74
12	9	66	12.00	75
13	11	51	17.74	62
14	9	70	11.39	79
15	2	56	3.45	58
16	8	70	10.26	78
17	11	52	17.46	63
18	8	69	10.39	77
19	8	59	11.94	67
20	10	58	14.71	68
21	10	55	15.38	65
22	4	71	5.33	75
23	6	51	10.53	57
24	8	51	13.56	59
25	8	51	13.56	59
26	6	59	9.23	65
27	5	46	9.80	51
28	12	49	19.67	61
29	5	45	10.00	50
30	5	52	8.77	57
31	4	50	7.41	54
32	8	59	11.94	67
33	3	50	5.66	53
34	5	44	10.20	49
35	5	46	9.80	51
36	6	37	13.95	43
37	2	48	4.00	50
38	2	41	4.65	43
39	8	48	14.29	56
40	4	53	7.02	57
41	2	34	5.56	36
42	5	43	10.42	48
43	7	25	21.88	32
44	4	34	10.53	38
45	6	44	12.00	50
46	5	44	10.20	49
47	3	40	6.98	43
48	5	35	12.50	40
49	7	45	13.46	52
50	3	32	8.57	35
51	6	45	11.76	51
52	5	42	10.64	47
53	6	33	15.38	39
54	4	29	12.12	33
55	3	40	6.98	43
56	3	38	7.32	41
57	5	30	14.29	35
58	9	41	18.00	50
59	8	36	18.18	44
60	1	25	3.85	26
61	2	42	4.55	44
62	2	31	6.06	33
63	4	36	10.00	40
64	3	40	6.98	43
65	3	31	8.82	34
66	5	24	17.24	29
67	3	29	9.38	32
68	3	27	10.00	30
69	4	33	10.81	37
70	2	35	5.41	37
71	4	28	12.50	32
72	5	19	20.83	24
73	4	33	10.81	37
74	1	37	2.63	38
75	2	23	8.00	25
76	0	33	0.00	33
77	6	20	23.08	26
78	2	24	7.69	26
79	3	24	11.11	27
80	1	23	4.17	24
81	1	21	4.55	22
82	2	28	6.67	30
83	2	25	7.41	27
84	3	28	9.68	31
85	0	27	0.00	27
86	3	30	9.09	33
87	2	20	9.09	22
88	1	24	4.00	25
89	3	24	11.11	27
90	0	17	0.00	17
91	3	17	15.00	20
92	4	16	20.00	20
93	1	19	5.00	20
94	1	21	4.55	22
95	5	28	15.15	33
96	2	12	14.29	14
97	4	15	21.05	19
98	1	20	4.76	21
99	3	10	23.08	13
100	2	16	11.11	18
101	5	22	18.52	27
102	1	23	4.17	24
103	3	20	13.04	23
104	2	8	20.00	10
105	3	17	15.00	20
106	4	12	25.00	16
107	1	8	11.11	9
108	3	8	27.27	11
109	1	10	9.09	11
110	1	19	5.00	20
111	1	9	10.00	10
112	3	14	17.65	17
113	5	17	22.73	22
114	2	17	10.53	19
115	1	14	6.67	15
116	0	13	0.00	13
117	2	13	13.33	15
118	1	18	5.26	19
119	1	15	6.25	16
120	4	8	33.33	12
121	0	19	0.00	19
122	3	16	15.79	19
123	3	19	13.64	22
124	1	9	10.00	10
125	0	16	0.00	16
126	2	10	16.67	12
127	2	17	10.53	19
128	2	9	18.18	11
129	2	12	14.29	14
130	2	15	11.76	17
131	2	15	11.76	17
132	1	4	20.00	5
133	0	9	0.00	9
134	4	14	22.22	18
135	1	11	8.33	12
136	0	14	0.00	14
137	1	10	9.09	11
138	1	12	7.69	13
139	3	16	15.79	19
140	0	14	0.00	14
141	0	11	0.00	11
142	1	8	11.11	9
143	1	9	10.00	10
144	1	5	16.67	6
145	1	7	12.50	8
146	1	8	11.11	9
147	0	6	0.00	6
148	0	6	0.00	6
149	0	10	0.00	10
150	3	14	17.65	17
151	1	7	12.50	8

CHG context (R2)
================
position	count methylated	count unmethylated	% methylation	coverage
1	216	45	82.76	261
2	178	22	89.00	200
3	47	13	78.33	60
4	46	11	80.70	57
5	49	36	57.65	85
6	38	39	49.35	77
7	41	40	50.62	81
8	27	60	31.03	87
9	6	73	7.59	79
10	16	76	17.39	92
11	8	90	8.16	98
12	7	97	6.73	104
13	3	83	3.49	86
14	3	71	4.05	74
15	1	81	1.22	82
16	3	79	3.66	82
17	3	105	2.78	108
18	1	79	1.25	80
19	0	83	0.00	83
20	1	70	1.41	71
21	0	90	0.00	90
22	0	88	0.00	88
23	0	79	0.00	79
24	0	77	0.00	77
25	0	82	0.00	82
26	0	87	0.00	87
27	1	80	1.23	81
28	0	82	0.00	82
29	0	84	0.00	84
30	0	74	0.00	74
31	0	80	0.00	80
32	0	71	0.00	71
33	0	97	0.00	97
34	1	67	1.47	68
35	1	84	1.18	85
36	0	73	0.00	73
37	2	71	2.74	73
38	0	78	0.00	78
39	0	67	0.00	67
40	1	61	1.61	62
41	0	74	0.00	74
42	1	59	1.67	60
43	0	73	0.00	73
44	0	52	0.00	52
45	0	68	0.00	68
46	0	64	0.00	64
47	0	58	0.00	58
48	0	65	0.00	65
49	0	53	0.00	53
50	0	44	0.00	44
51	0	49	0.00	49
52	0	53	0.00	53
53	0	58	0.00	58
54	0	63	0.00	63
55	0	57	0.00	57
56	0	66	0.00	66
57	0	59	0.00	59
58	0	46	0.00	46
59	0	51	0.00	51
60	0	55	0.00	55
61	0	44	0.00	44
62	2	54	3.57	56
63	0	41	0.00	41
64	1	42	2.33	43
65	0	58	0.00	58
66	0	45	0.00	45
67	0	42	0.00	42
68	0	38	0.00	38
69	0	45	0.00	45
70	0	43	0.00	43
71	0	33	0.00	33
72	1	50	1.96	51
73	0	45	0.00	45
74	0	45	0.00	45
75	0	32	0.00	32
76	0	35	0.00	35
77	0	42	0.00	42
78	0	37	0.00	37
79	0	30	0.00	30
80	0	47	0.00	47
81	0	34	0.00	34
82	0	34	0.00	34
83	0	45	0.00	45
84	0	36	0.00	36
85	1	36	2.70	37
86	0	46	0.00	46
87	0	31	0.00	31
88	0	28	0.00	28
89	0	25	0.00	25
90	0	34	0.00	34
91	0	31	0.00	31
92	1	35	2.78	36
93	1	30	3.23	31
94	1	25	3.85	26
95	0	32	0.00	32
96	0	34	0.00	34
97	0	24	0.00	24
98	0	30	0.00	30
99	0	30	0.00	30
100	0	29	0.00	29
101	0	24	0.00	24
102	0	34	0.00	34
103	0	29	0.00	29
104	0	30	0.00	30
105	1	22	4.35	23
106	0	21	0.00	21
107	1	15	6.25	16
108	0	30	0.00	30
109	0	21	0.00	21
110	0	31	0.00	31
111	0	27	0.00	27
112	0	15	0.00	15
113	0	18	0.00	18
114	0	29	0.00	29
115	0	23	0.00	23
116	0	29	0.00	29
117	0	12	0.00	12
118	0	21	0.00	21
119	0	26	0.00	26
120	0	20	0.00	20
121	0	19	0.00	19
122	1	19	5.00	20
123	0	24	0.00	24
124	0	17	0.00	17
125	0	18	0.00	18
126	0	21	0.00	21
127	0	15	0.00	15
128	0	27	0.00	27
129	0	22	0.00	22
130	0	14	0.00	14
131	0	24	0.00	24
132	0	18	0.00	18
133	0	21	0.00	21
134	0	13	0.00	13
135	0	16	0.00	16
136	0	23	0.00	23
137	0	21	0.00	21
138	0	13	0.00	13
139	0	15	0.00	15
140	0	22	0.00	22
141	0	14	0.00	14
142	0	15	0.00	15
143	0	15	0.00	15
144	0	14	0.00	14
145	0	12	0.00	12
146	0	15	0.00	15
147	1	16	5.88	17
148	0	8	0.00	8
149	0	14	0.00	14
150	0	13	0.00	13
151	0	14	0.00	14

CHH context (R2)
================
position	count methylated	count unmethylated	% methylation	coverage
1	566	99	85.11	665
2	483	96	83.42	579
3	449	164	73.25	613
4	387	177	68.62	564
5	307	209	59.50	516
6	233	266	46.69	499
7	143	285	33.41	428
8	135	308	30.47	443
9	92	302	23.35	394
10	83	308	21.23	391
11	57	347	14.11	404
12	42	354	10.61	396
13	31	357	7.99	388
14	18	381	4.51	399
15	13	383	3.28	396
16	12	393	2.96	405
17	10	376	2.59	386
18	3	397	0.75	400
19	8	364	2.15	372
20	7	394	1.75	401
21	2	399	0.50	401
22	2	379	0.52	381
23	3	364	0.82	367
24	3	368	0.81	371
25	1	341	0.29	342
26	6	386	1.53	392
27	1	363	0.27	364
28	3	381	0.78	384
29	1	334	0.30	335
30	0	350	0.00	350
31	2	342	0.58	344
32	3	311	0.96	314
33	2	358	0.56	360
34	1	327	0.30	328
35	1	291	0.34	292
36	2	316	0.63	318
37	0	314	0.00	314
38	2	301	0.66	303
39	2	325	0.61	327
40	4	334	1.18	338
41	1	314	0.32	315
42	1	315	0.32	316
43	2	274	0.72	276
44	2	264	0.75	266
45	4	284	1.39	288
46	3	279	1.06	282
47	0	257	0.00	257
48	4	315	1.25	319
49	1	261	0.38	262
50	2	260	0.76	262
51	0	250	0.00	250
52	1	252	0.40	253
53	3	257	1.15	260
54	0	237	0.00	237
55	5	221	2.21	226
56	2	253	0.78	255
57	1	227	0.44	228
58	4	246	1.60	250
59	1	232	0.43	233
60	0	182	0.00	182
61	2	219	0.90	221
62	0	212	0.00	212
63	2	194	1.02	196
64	2	207	0.96	209
65	4	183	2.14	187
66	2	217	0.91	219
67	2	223	0.89	225
68	1	194	0.51	195
69	2	192	1.03	194
70	0	185	0.00	185
71	1	191	0.52	192
72	0	187	0.00	187
73	1	175	0.57	176
74	1	169	0.59	170
75	0	182	0.00	182
76	1	164	0.61	165
77	1	177	0.56	178
78	1	171	0.58	172
79	1	174	0.57	175
80	5	154	3.14	159
81	1	149	0.67	150
82	0	130	0.00	130
83	2	139	1.42	141
84	1	137	0.72	138
85	1	138	0.72	139
86	2	150	1.32	152
87	0	133	0.00	133
88	0	116	0.00	116
89	0	127	0.00	127
90	1	128	0.78	129
91	0	125	0.00	125
92	1	159	0.62	160
93	0	132	0.00	132
94	1	124	0.80	125
95	2	123	1.60	125
96	1	141	0.70	142
97	0	113	0.00	113
98	0	128	0.00	128
99	2	124	1.59	126
100	0	124	0.00	124
101	2	123	1.60	125
102	3	98	2.97	101
103	0	111	0.00	111
104	1	101	0.98	102
105	0	121	0.00	121
106	2	113	1.74	115
107	0	114	0.00	114
108	1	104	0.95	105
109	1	108	0.92	109
110	0	99	0.00	99
111	0	108	0.00	108
112	0	114	0.00	114
113	0	95	0.00	95
114	1	98	1.01	99
115	1	90	1.10	91
116	3	97	3.00	100
117	0	92	0.00	92
118	1	100	0.99	101
119	1	80	1.23	81
120	1	75	1.32	76
121	1	73	1.35	74
122	0	78	0.00	78
123	0	67	0.00	67
124	1	90	1.10	91
125	1	93	1.06	94
126	0	80	0.00	80
127	0	75	0.00	75
128	0	87	0.00	87
129	0	66	0.00	66
130	0	62	0.00	62
131	0	69	0.00	69
132	0	80	0.00	80
133	0	78	0.00	78
134	0	66	0.00	66
135	0	59	0.00	59
136	0	75	0.00	75
137	0	62	0.00	62
138	2	66	2.94	68
139	0	72	0.00	72
140	0	60	0.00	60
141	0	55	0.00	55
142	0	64	0.00	64
143	0	48	0.00	48
144	0	58	0.00	58
145	0	56	0.00	56
146	2	67	2.90	69
147	1	68	1.45	69
148	2	69	2.82	71
149	0	49	0.00	49
150	0	59	0.00	59
151	1	59	1.67	60

