CpG context (R1)
================
position	count methylated	count unmethylated	% methylation	coverage
1	5	73	6.41	78
2	18	94	16.07	112
3	6	63	8.70	69
4	11	98	10.09	109
5	11	75	12.79	86
6	12	105	10.26	117
7	7	103	6.36	110
8	10	77	11.49	87
9	8	76	9.52	84
10	12	71	14.46	83
11	11	87	11.22	98
12	9	65	12.16	74
13	9	92	8.91	101
14	13	78	14.29	91
15	14	86	14.00	100
16	7	83	7.78	90
17	7	81	7.95	88
18	7	101	6.48	108
19	9	88	9.28	97
20	10	90	10.00	100
21	12	88	12.00	100
22	6	85	6.59	91
23	14	92	13.21	106
24	12	63	16.00	75
25	5	63	7.35	68
26	17	76	18.28	93
27	18	71	20.22	89
28	10	80	11.11	90
29	8	91	8.08	99
30	4	84	4.55	88
31	11	79	12.22	90
32	8	78	9.30	86
33	8	84	8.70	92
34	12	63	16.00	75
35	16	78	17.02	94
36	11	74	12.94	85
37	12	69	14.81	81
38	9	78	10.34	87
39	8	73	9.88	81
40	16	88	15.38	104
41	10	70	12.50	80
42	14	94	12.96	108
43	12	90	11.76	102
44	13	82	13.68	95
45	12	80	13.04	92
46	14	79	15.05	93
47	16	72	18.18	88
48	9	94	8.74	103
49	9	84	9.68	93
50	22	91	19.47	113
51	14	73	16.09	87
52	6	100	5.66	106
53	10	75	11.76	85
54	14	84	14.29	98
55	17	74	18.68	91
56	6	93	6.06	99
57	14	83	14.43	97
58	10	84	10.64	94
59	8	74	9.76	82
60	13	55	19.12	68
61	9	84	9.68	93
62	12	87	12.12	99
63	12	76	13.64	88
64	17	81	17.35	98
65	7	71	8.97	78
66	10	94	9.62	104
67	11	74	12.94	85
68	16	85	15.84	101
69	12	80	13.04	92
70	12	85	12.37	97
71	12	82	12.77	94
72	8	87	8.42	95
73	14	91	13.33	105
74	8	78	9.30	86
75	9	80	10.11	89
76	6	89	6.32	95
77	13	89	12.75	102
78	10	74	11.90	84
79	12	71	14.46	83
80	16	94	14.55	110
81	2	87	2.25	89
82	6	87	6.45	93
83	11	92	10.68	103
84	17	81	17.35	98
85	10	90	10.00	100
86	11	85	11.46	96
87	16	78	17.02	94
88	6	79	7.06	85
89	9	78	10.34	87
90	10	88	10.20	98
91	11	81	11.96	92
92	11	97	10.19	108
93	12	92	11.54	104
94	10	67	12.99	77
95	14	84	14.29	98
96	13	95	12.04	108
97	8	72	10.00	80
98	14	97	12.61	111
99	10	67	12.99	77
100	14	83	14.43	97
101	17	85	16.67	102
102	9	69	11.54	78
103	11	80	12.09	91
104	15	80	15.79	95
105	9	86	9.47	95
106	10	71	12.35	81
107	4	77	4.94	81
108	13	95	12.04	108
109	11	88	11.11	99
110	9	91	9.00	100
111	15	73	17.05	88
112	7	84	7.69	91
113	11	92	10.68	103
114	15	69	17.86	84
115	13	77	14.44	90
116	10	72	12.20	82
117	15	72	17.24	87
118	9	78	10.34	87
119	12	82	12.77	94
120	20	79	20.20	99
121	13	83	13.54	96
122	10	87	10.31	97
123	13	101	11.40	114
124	13	86	13.13	99
125	17	87	16.35	104
126	4	91	4.21	95
127	5	73	6.41	78
128	7	107	6.14	114
129	11	92	10.68	103
130	12	79	13.19	91
131	16	85	15.84	101
132	12	72	14.29	84
133	14	88	13.73	102
134	13	85	13.27	98
135	8	66	10.81	74
136	13	72	15.29	85
137	17	67	20.24	84
138	8	81	8.99	89
139	10	67	12.99	77
140	15	70	17.65	85
141	9	80	10.11	89
142	12	61	16.44	73
143	10	71	12.35	81
144	10	92	9.80	102
145	14	71	16.47	85
146	8	82	8.89	90
147	16	74	17.78	90
148	8	60	11.76	68
149	18	82	18.00	100
150	12	77	13.48	89
151	24	82	22.64	106

CHG context (R1)
================
position	count methylated	count unmethylated	% methylation	coverage
1	2	141	1.40	143
2	0	121	0.00	121
3	2	85	2.30	87
4	1	122	0.81	123
5	0	143	0.00	143
6	0	118	0.00	118
7	1	88	1.12	89
8	1	106	0.93	107
9	0	118	0.00	118
10	1	91	1.09	92
11	1	123	0.81	124
12	2	148	1.33	150
13	1	111	0.89	112
14	1	90	1.10	91
15	0	119	0.00	119
16	1	108	0.92	109
17	1	121	0.82	122
18	0	127	0.00	127
19	1	106	0.93	107
20	1	122	0.81	123
21	0	134	0.00	134
22	0	134	0.00	134
23	0	119	0.00	119
24	0	110	0.00	110
25	0	126	0.00	126
26	3	110	2.65	113
27	1	108	0.92	109
28	0	103	0.00	103
29	1	125	0.79	126
30	0	118	0.00	118
31	0	122	0.00	122
32	1	130	0.76	131
33	0	120	0.00	120
34	0	128	0.00	128
35	1	111	0.89	112
36	0	114	0.00	114
37	1	112	0.88	113
38	1	116	0.85	117
39	0	104	0.00	104
40	2	120	1.64	122
41	1	125	0.79	126
42	0	130	0.00	130
43	2	132	1.49	134
44	1	141	0.70	142
45	1	117	0.85	118
46	0	138	0.00	138
47	0	126	0.00	126
48	2	144	1.37	146
49	0	121	0.00	121
50	1	111	0.89	112
51	1	123	0.81	124
52	0	130	0.00	130
53	0	102	0.00	102
54	0	117	0.00	117
55	0	126	0.00	126
56	0	120	0.00	120
57	1	134	0.74	135
58	3	136	2.16	139
59	0	105	0.00	105
60	1	125	0.79	126
61	1	115	0.86	116
62	0	135	0.00	135
63	0	118	0.00	118
64	0	115	0.00	115
65	0	109	0.00	109
66	1	112	0.88	113
67	0	131	0.00	131
68	1	127	0.78	128
69	0	106	0.00	106
70	2	102	1.92	104
71	0	114	0.00	114
72	2	140	1.41	142
73	1	130	0.76	131
74	1	133	0.75	134
75	0	117	0.00	117
76	0	122	0.00	122
77	0	113	0.00	113
78	0	135	0.00	135
79	0	113	0.00	113
80	0	117	0.00	117
81	1	136	0.73	137
82	0	105	0.00	105
83	0	121	0.00	121
84	1	121	0.82	122
85	0	120	0.00	120
86	0	125	0.00	125
87	2	121	1.63	123
88	1	125	0.79	126
89	1	126	0.79	127
90	0	121	0.00	121
91	1	152	0.65	153
92	0	131	0.00	131
93	2	102	1.92	104
94	2	120	1.64	122
95	0	134	0.00	134
96	0	131	0.00	131
97	0	123	0.00	123
98	1	107	0.93	108
99	3	119	2.46	122
100	1	111	0.89	112
101	0	108	0.00	108
102	0	126	0.00	126
103	1	121	0.82	122
104	2	134	1.47	136
105	1	118	0.84	119
106	4	117	3.31	121
107	0	129	0.00	129
108	0	108	0.00	108
109	0	105	0.00	105
110	0	112	0.00	112
111	2	132	1.49	134
112	0	134	0.00	134
113	1	126	0.79	127
114	0	128	0.00	128
115	0	144	0.00	144
116	0	126	0.00	126
117	0	112	0.00	112
118	0	120	0.00	120
119	0	111	0.00	111
120	0	112	0.00	112
121	0	119	0.00	119
122	2	125	1.57	127
123	2	102	1.92	104
124	3	133	2.21	136
125	1	118	0.84	119
126	0	134	0.00	134
127	2	130	1.52	132
128	0	105	0.00	105
129	0	108	0.00	108
130	1	112	0.88	113
131	0	103	0.00	103
132	2	105	1.87	107
133	3	128	2.29	131
134	3	115	2.54	118
135	2	114	1.72	116
136	1	98	1.01	99
137	0	134	0.00	134
138	2	98	2.00	100
139	4	100	3.85	104
140	3	113	2.59	116
141	4	105	3.67	109
142	4	102	3.77	106
143	4	117	3.31	121
144	1	104	0.95	105
145	0	104	0.00	104
146	1	114	0.87	115
147	7	110	5.98	117
148	6	106	5.36	112
149	9	116	7.20	125
150	8	109	6.84	117
151	8	102	7.27	110

CHH context (R1)
================
position	count methylated	count unmethylated	% methylation	coverage
1	4	511	0.78	515
2	1	414	0.24	415
3	5	337	1.46	342
4	5	452	1.09	457
5	1	503	0.20	504
6	4	496	0.80	500
7	3	458	0.65	461
8	6	452	1.31	458
9	2	459	0.43	461
10	2	489	0.41	491
11	3	497	0.60	500
12	1	501	0.20	502
13	3	513	0.58	516
14	6	505	1.17	511
15	6	518	1.15	524
16	4	501	0.79	505
17	8	510	1.54	518
18	3	503	0.59	506
19	1	519	0.19	520
20	3	531	0.56	534
21	4	498	0.80	502
22	0	498	0.00	498
23	2	524	0.38	526
24	1	518	0.19	519
25	3	511	0.58	514
26	3	482	0.62	485
27	2	493	0.40	495
28	2	518	0.38	520
29	3	501	0.60	504
30	4	541	0.73	545
31	3	565	0.53	568
32	2	543	0.37	545
33	6	569	1.04	575
34	7	490	1.41	497
35	1	496	0.20	497
36	3	531	0.56	534
37	1	499	0.20	500
38	2	551	0.36	553
39	2	512	0.39	514
40	4	523	0.76	527
41	4	522	0.76	526
42	3	537	0.56	540
43	3	531	0.56	534
44	4	501	0.79	505
45	2	539	0.37	541
46	3	533	0.56	536
47	2	537	0.37	539
48	4	496	0.80	500
49	0	468	0.00	468
50	2	508	0.39	510
51	1	500	0.20	501
52	3	527	0.57	530
53	7	546	1.27	553
54	2	495	0.40	497
55	2	524	0.38	526
56	2	522	0.38	524
57	3	484	0.62	487
58	4	525	0.76	529
59	4	493	0.80	497
60	1	548	0.18	549
61	4	532	0.75	536
62	6	518	1.15	524
63	3	520	0.57	523
64	4	525	0.76	529
65	7	491	1.41	498
66	2	563	0.35	565
67	1	528	0.19	529
68	1	505	0.20	506
69	1	545	0.18	546
70	6	528	1.12	534
71	3	550	0.54	553
72	3	500	0.60	503
73	4	538	0.74	542
74	4	541	0.73	545
75	2	530	0.38	532
76	3	552	0.54	555
77	2	541	0.37	543
78	3	494	0.60	497
79	2	522	0.38	524
80	2	552	0.36	554
81	2	518	0.38	520
82	1	520	0.19	521
83	2	520	0.38	522
84	6	505	1.17	511
85	1	517	0.19	518
86	2	558	0.36	560
87	2	525	0.38	527
88	5	480	1.03	485
89	2	489	0.41	491
90	0	514	0.00	514
91	2	504	0.40	506
92	2	472	0.42	474
93	3	499	0.60	502
94	4	467	0.85	471
95	5	485	1.02	490
96	4	508	0.78	512
97	0	470	0.00	470
98	2	533	0.37	535
99	2	521	0.38	523
100	1	556	0.18	557
101	7	575	1.20	582
102	5	500	0.99	505
103	2	526	0.38	528
104	1	517	0.19	518
105	2	510	0.39	512
106	3	496	0.60	499
107	4	497	0.80	501
108	1	505	0.20	506
109	4	486	0.82	490
110	5	537	0.92	542
111	4	543	0.73	547
112	3	529	0.56	532
113	6	563	1.05	569
114	6	526	1.13	532
115	2	538	0.37	540
116	4	533	0.74	537
117	1	521	0.19	522
118	4	530	0.75	534
119	3	536	0.56	539
120	2	524	0.38	526
121	5	550	0.90	555
122	9	522	1.69	531
123	5	503	0.98	508
124	12	488	2.40	500
125	8	546	1.44	554
126	2	504	0.40	506
127	5	525	0.94	530
128	5	474	1.04	479
129	10	477	2.05	487
130	8	508	1.55	516
131	11	525	2.05	536
132	16	514	3.02	530
133	10	504	1.95	514
134	11	504	2.14	515
135	9	464	1.90	473
136	7	538	1.28	545
137	18	514	3.38	532
138	12	491	2.39	503
139	18	456	3.80	474
140	13	492	2.57	505
141	12	479	2.44	491
142	20	463	4.14	483
143	21	478	4.21	499
144	25	469	5.06	494
145	19	432	4.21	451
146	28	440	5.98	468
147	15	467	3.11	482
148	30	475	5.94	505
149	50	443	10.14	493
150	35	471	6.92	506
151	44	484	8.33	528

CpG context (R2)
================
position	count methylated	count unmethylated	% methylation	coverage
1	160	28	85.11	188
2	58	9	86.57	67
3	47	12	79.66	59
4	39	22	63.93	61
5	32	21	60.38	53
6	26	24	52.00	50
7	17	35	32.69	52
8	9	35	20.45	44
9	10	54	15.62	64
10	19	56	25.33	75
11	15	60	20.00	75
12	13	46	22.03	59
13	11	62	15.07	73
14	10	66	13.16	76
15	12	57	17.39	69
16	6	74	7.50	80
17	8	56	12.50	64
18	12	59	16.90	71
19	12	63	16.00	75
20	8	56	12.50	64
21	8	50	13.79	58
22	6	73	7.59	79
23	6	56	9.68	62
24	9	59	13.24	68
25	13	64	16.88	77
26	7	57	10.94	64
27	7	70	9.09	77
28	5	45	10.00	50
29	5	51	8.93	56
30	7	47	12.96	54
31	8	59	11.94	67
32	5	62	7.46	67
33	9	42	17.65	51
34	7	55	11.29	62
35	5	52	8.77	57
36	13	47	21.67	60
37	8	57	12.31	65
38	9	48	15.79	57
39	3	48	5.88	51
40	6	45	11.76	51
41	9	49	15.52	58
42	10	39	20.41	49
43	7	27	20.59	34
44	3	37	7.50	40
45	10	55	15.38	65
46	8	29	21.62	37
47	7	60	10.45	67
48	8	33	19.51	41
49	7	52	11.86	59
50	4	38	9.52	42
51	2	43	4.44	45
52	5	29	14.71	34
53	2	46	4.17	48
54	8	44	15.38	52
55	6	38	13.64	44
56	3	50	5.66	53
57	7	29	19.44	36
58	5	40	11.11	45
59	3	37	7.50	40
60	4	33	10.81	37
61	1	44	2.22	45
62	6	31	16.22	37
63	7	35	16.67	42
64	5	34	12.82	39
65	6	38	13.64	44
66	0	33	0.00	33
67	3	28	9.68	31
68	6	27	18.18	33
69	3	27	10.00	30
70	5	39	11.36	44
71	3	35	7.89	38
72	9	28	24.32	37
73	2	27	6.90	29
74	4	31	11.43	35
75	5	32	13.51	37
76	5	19	20.83	24
77	4	35	10.26	39
78	3	22	12.00	25
79	1	26	3.70	27
80	3	29	9.38	32
81	5	22	18.52	27
82	4	28	12.50	32
83	4	18	18.18	22
84	2	29	6.45	31
85	2	29	6.45	31
86	1	23	4.17	24
87	5	31	13.89	36
88	4	29	12.12	33
89	3	19	13.64	22
90	1	25	3.85	26
91	0	17	0.00	17
92	2	27	6.90	29
93	3	19	13.64	22
94	2	19	9.52	21
95	2	23	8.00	25
96	2	14	12.50	16
97	5	21	19.23	26
98	6	10	37.50	16
99	3	19	13.64	22
100	4	20	16.67	24
101	4	13	23.53	17
102	2	18	10.00	20
103	3	24	11.11	27
104	2	14	12.50	16
105	0	25	0.00	25
106	5	20	20.00	25
107	1	19	5.00	20
108	2	11	15.38	13
109	5	25	16.67	30
110	1	22	4.35	23
111	4	13	23.53	17
112	0	16	0.00	16
113	4	15	21.05	19
114	4	14	22.22	18
115	2	7	22.22	9
116	2	13	13.33	15
117	1	18	5.26	19
118	2	21	8.70	23
119	1	12	7.69	13
120	0	13	0.00	13
121	4	16	20.00	20
122	0	14	0.00	14
123	1	10	9.09	11
124	2	15	11.76	17
125	1	15	6.25	16
126	5	16	23.81	21
127	3	22	12.00	25
128	0	14	0.00	14
129	3	10	23.08	13
130	1	15	6.25	16
131	3	11	21.43	14
132	1	20	4.76	21
133	2	15	11.76	17
134	2	15	11.76	17
135	1	17	5.56	18
136	1	16	5.88	17
137	2	15	11.76	17
138	1	8	11.11	9
139	0	13	0.00	13
140	3	10	23.08	13
141	0	10	0.00	10
142	1	16	5.88	17
143	1	6	14.29	7
144	3	6	33.33	9
145	2	10	16.67	12
146	2	8	20.00	10
147	1	12	7.69	13
148	0	8	0.00	8
149	2	14	12.50	16
150	2	14	12.50	16
151	1	8	11.11	9

CHG context (R2)
================
position	count methylated	count unmethylated	% methylation	coverage
1	182	35	83.87	217
2	189	32	85.52	221
3	51	17	75.00	68
4	43	29	59.72	72
5	40	42	48.78	82
6	35	37	48.61	72
7	20	46	30.30	66
8	16	50	24.24	66
9	18	66	21.43	84
10	12	94	11.32	106
11	10	97	9.35	107
12	7	107	6.14	114
13	6	95	5.94	101
14	8	77	9.41	85
15	1	91	1.09	92
16	2	79	2.47	81
17	2	83	2.35	85
18	2	104	1.89	106
19	1	92	1.08	93
20	0	88	0.00	88
21	0	87	0.00	87
22	2	83	2.35	85
23	0	93	0.00	93
24	1	68	1.45	69
25	0	77	0.00	77
26	1	71	1.39	72
27	1	71	1.39	72
28	1	73	1.35	74
29	1	71	1.39	72
30	0	79	0.00	79
31	0	69	0.00	69
32	0	74	0.00	74
33	2	74	2.63	76
34	0	78	0.00	78
35	0	74	0.00	74
36	0	72	0.00	72
37	1	73	1.35	74
38	0	50	0.00	50
39	0	68	0.00	68
40	0	66	0.00	66
41	1	83	1.19	84
42	0	64	0.00	64
43	1	74	1.33	75
44	0	51	0.00	51
45	1	70	1.41	71
46	0	62	0.00	62
47	0	61	0.00	61
48	1	66	1.49	67
49	0	54	0.00	54
50	1	65	1.52	66
51	1	61	1.61	62
52	0	52	0.00	52
53	0	50	0.00	50
54	0	50	0.00	50
55	0	64	0.00	64
56	1	63	1.56	64
57	0	57	0.00	57
58	0	47	0.00	47
59	1	70	1.41	71
60	1	60	1.64	61
61	0	46	0.00	46
62	0	48	0.00	48
63	1	48	2.04	49
64	0	41	0.00	41
65	0	51	0.00	51
66	1	42	2.33	43
67	0	39	0.00	39
68	0	45	0.00	45
69	0	48	0.00	48
70	0	30	0.00	30
71	0	50	0.00	50
72	0	31	0.00	31
73	0	34	0.00	34
74	0	36	0.00	36
75	0	39	0.00	39
76	0	58	0.00	58
77	0	30	0.00	30
78	0	37	0.00	37
79	0	38	0.00	38
80	0	34	0.00	34
81	0	22	0.00	22
82	0	31	0.00	31
83	0	38	0.00	38
84	0	32	0.00	32
85	0	36	0.00	36
86	0	46	0.00	46
87	0	43	0.00	43
88	0	38	0.00	38
89	1	34	2.86	35
90	0	32	0.00	32
91	1	31	3.12	32
92	0	20	0.00	20
93	0	27	0.00	27
94	0	18	0.00	18
95	0	30	0.00	30
96	0	41	0.00	41
97	0	20	0.00	20
98	1	18	5.26	19
99	1	34	2.86	35
100	0	23	0.00	23
101	0	16	0.00	16
102	0	26	0.00	26
103	0	18	0.00	18
104	1	30	3.23	31
105	0	18	0.00	18
106	0	23	0.00	23
107	0	31	0.00	31
108	0	17	0.00	17
109	0	26	0.00	26
110	0	26	0.00	26
111	0	24	0.00	24
112	0	22	0.00	22
113	0	23	0.00	23
114	0	17	0.00	17
115	0	20	0.00	20
116	0	21	0.00	21
117	0	29	0.00	29
118	0	22	0.00	22
119	0	23	0.00	23
120	0	21	0.00	21
121	0	23	0.00	23
122	0	25	0.00	25
123	0	29	0.00	29
124	0	17	0.00	17
125	0	20	0.00	20
126	1	9	10.00	10
127	0	16	0.00	16
128	0	19	0.00	19
129	0	16	0.00	16
130	0	18	0.00	18
131	0	21	0.00	21
132	0	19	0.00	19
133	0	22	0.00	22
134	0	16	0.00	16
135	0	15	0.00	15
136	0	17	0.00	17
137	0	16	0.00	16
138	0	21	0.00	21
139	0	17	0.00	17
140	0	14	0.00	14
141	0	19	0.00	19
142	0	13	0.00	13
143	0	16	0.00	16
144	0	14	0.00	14
145	0	13	0.00	13
146	1	19	5.00	20
147	0	11	0.00	11
148	0	17	0.00	17
149	0	11	0.00	11
150	0	15	0.00	15
151	0	18	0.00	18

CHH context (R2)
================
position	count methylated	count unmethylated	% methylation	coverage
1	537	84	86.47	621
2	518	67	88.55	585
3	428	142	75.09	570
4	439	205	68.17	644
5	262	262	50.00	524
6	222	242	47.84	464
7	182	252	41.94	434
8	129	265	32.74	394
9	92	269	25.48	361
10	78	304	20.42	382
11	60	331	15.35	391
12	40	380	9.52	420
13	34	354	8.76	388
14	16	354	4.32	370
15	13	349	3.59	362
16	7	351	1.96	358
17	12	357	3.25	369
18	4	386	1.03	390
19	5	386	1.28	391
20	1	373	0.27	374
21	6	404	1.46	410
22	2	350	0.57	352
23	1	388	0.26	389
24	1	351	0.28	352
25	2	340	0.58	342
26	1	375	0.27	376
27	2	369	0.54	371
28	2	367	0.54	369
29	3	339	0.88	342
30	0	359	0.00	359
31	1	355	0.28	356
32	2	354	0.56	356
33	1	372	0.27	373
34	1	338	0.29	339
35	3	356	0.84	359
36	1	335	0.30	336
37	1	297	0.34	298
38	2	318	0.62	320
39	1	306	0.33	307
40	0	305	0.00	305
41	1	294	0.34	295
42	1	268	0.37	269
43	5	280	1.75	285
44	0	258	0.00	258
45	1	267	0.37	268
46	2	286	0.69	288
47	1	268	0.37	269
48	1	240	0.41	241
49	3	252	1.18	255
50	3	274	1.08	277
51	2	253	0.78	255
52	4	282	1.40	286
53	0	266	0.00	266
54	1	247	0.40	248
55	2	244	0.81	246
56	1	234	0.43	235
57	2	226	0.88	228
58	0	249	0.00	249
59	1	222	0.45	223
60	3	227	1.30	230
61	0	238	0.00	238
62	1	201	0.50	202
63	1	226	0.44	227
64	3	218	1.36	221
65	1	216	0.46	217
66	0	207	0.00	207
67	1	205	0.49	206
68	1	209	0.48	210
69	5	192	2.54	197
70	0	200	0.00	200
71	1	171	0.58	172
72	0	183	0.00	183
73	1	188	0.53	189
74	2	174	1.14	176
75	1	180	0.55	181
76	1	167	0.60	168
77	1	175	0.57	176
78	0	176	0.00	176
79	2	178	1.11	180
80	3	158	1.86	161
81	1	157	0.63	158
82	2	158	1.25	160
83	0	149	0.00	149
84	0	154	0.00	154
85	1	150	0.66	151
86	1	142	0.70	143
87	1	152	0.65	153
88	2	155	1.27	157
89	4	144	2.70	148
90	2	151	1.31	153
91	0	156	0.00	156
92	0	141	0.00	141
93	1	129	0.77	130
94	2	134	1.47	136
95	0	143	0.00	143
96	0	124	0.00	124
97	0	149	0.00	149
98	0	120	0.00	120
99	1	130	0.76	131
100	0	115	0.00	115
101	2	129	1.53	131
102	1	114	0.87	115
103	0	117	0.00	117
104	0	138	0.00	138
105	0	102	0.00	102
106	0	109	0.00	109
107	1	106	0.93	107
108	1	122	0.81	123
109	1	100	0.99	101
110	1	104	0.95	105
111	0	109	0.00	109
112	1	111	0.89	112
113	2	105	1.87	107
114	1	95	1.04	96
115	0	104	0.00	104
116	1	100	0.99	101
117	0	98	0.00	98
118	1	98	1.01	99
119	0	111	0.00	111
120	0	81	0.00	81
121	0	89	0.00	89
122	0	92	0.00	92
123	0	91	0.00	91
124	0	100	0.00	100
125	0	104	0.00	104
126	0	78	0.00	78
127	1	86	1.15	87
128	0	86	0.00	86
129	1	97	1.02	98
130	0	88	0.00	88
131	1	76	1.30	77
132	0	71	0.00	71
133	0	66	0.00	66
134	0	81	0.00	81
135	2	95	2.06	97
136	0	84	0.00	84
137	1	74	1.33	75
138	0	77	0.00	77
139	0	79	0.00	79
140	1	67	1.47	68
141	0	87	0.00	87
142	0	56	0.00	56
143	0	78	0.00	78
144	0	64	0.00	64
145	0	71	0.00	71
146	0	55	0.00	55
147	0	64	0.00	64
148	1	49	2.00	50
149	0	65	0.00	65
150	0	57	0.00	57
151	0	68	0.00	68

