Sample	0	1	2	3	4	5	6	7	8	9	10	11	12	13	14	15
105M_1	(1.0, 74.4630727720505)	(2.0, 12.990365676017424)	(3.0, 3.057139803995099)	(4.0, 1.2279513968733604)	(5.0, 0.7541756342881155)	(6.0, 0.5467166541450957)	(7.0, 0.46902630862743183)	(8.0, 0.37723766439713097)	(9.0, 0.3354036560497633)	('>10', 3.8030422433787883)	('>50', 0.8060905357358663)	('>100', 0.9737180058955497)	('>500', 0.058355101209559695)	('>1k', 0.03555907247326489)	('>5k', 0.017984237425294924)	('>10k+', 0.08416123743778475)
105M_2	(1.0, 86.35887060826747)	(2.0, 11.308175336529278)	(3.0, 1.519491754957334)	(4.0, 0.31928627640980445)	(5.0, 0.0971427179996143)	(6.0, 0.05310840832416024)	(7.0, 0.03709693184920536)	(8.0, 0.034108607507699236)	(9.0, 0.02810553525765437)	('>10', 0.12511001715384365)	('>50', 0.01246596464352047)	('>100', 0.024483976968107366)	('>500', 0.008279761292879852)	('>1k', 0.017428916065876023)	('>5k', 0.0)	('>10k+', 0.056845186773538614)
106M_1	(1.0, 73.37015350963767)	(2.0, 14.735079943429014)	(3.0, 3.61092333007713)	(4.0, 1.390912546792459)	(5.0, 0.8348678797755347)	(6.0, 0.6282920321740193)	(7.0, 0.4514909248692436)	(8.0, 0.3926712175459299)	(9.0, 0.32776397426373777)	('>10', 2.822999254334526)	('>50', 0.6241716984300437)	('>100', 0.6756182720025223)	('>500', 0.028868910881238063)	('>1k', 0.022919684891167906)	('>5k', 0.013695192623260558)	('>10k+', 0.06957162827259525)
106M_2	(1.0, 83.49559278283438)	(2.0, 13.551150097653217)	(3.0, 2.0830120644962213)	(4.0, 0.39744025565284813)	(5.0, 0.1362355613551081)	(6.0, 0.053124838294228496)	(7.0, 0.034101288328299124)	(8.0, 0.019068456158031318)	(9.0, 0.015063406516988299)	('>10', 0.09693286991580456)	('>50', 0.01454805225421006)	('>100', 0.03476110523472949)	('>500', 0.006150366360474328)	('>1k', 0.020996042263541972)	('>5k', 0.0)	('>10k+', 0.04182281268189792)
107M_1	(1.0, 74.15159375256998)	(2.0, 14.113648764423834)	(3.0, 3.3355095285739598)	(4.0, 1.3465575241630692)	(5.0, 0.7826111693128017)	(6.0, 0.591045579900198)	(7.0, 0.4292793033959553)	(8.0, 0.3524312737918247)	(9.0, 0.2995380749143568)	('>10', 3.108420210830421)	('>50', 0.6260266937235862)	('>100', 0.7022421923514248)	('>500', 0.019189882528159244)	('>1k', 0.0388387063841452)	('>5k', 0.04088434508375995)	('>10k+', 0.06218299805253323)
107M_2	(1.0, 84.7734989415975)	(2.0, 12.633291724014281)	(3.0, 1.7574912653494443)	(4.0, 0.3563036231482711)	(5.0, 0.11316117893005678)	(6.0, 0.040080002769514095)	(7.0, 0.030077219852599837)	(8.0, 0.029091296053098098)	(9.0, 0.01204467003912012)	('>10', 0.12405502356268308)	('>50', 0.013551387291201502)	('>100', 0.02960021840853246)	('>500', 0.011356554328732636)	('>1k', 0.01888151903807802)	('>5k', 0.0)	('>10k+', 0.05751537561695251)
109M_1	(1.0, 74.18472689559786)	(2.0, 14.412278502467213)	(3.0, 3.430170940486584)	(4.0, 1.3388977603118257)	(5.0, 0.8218034867512042)	(6.0, 0.5491892180173595)	(7.0, 0.4344030180189715)	(8.0, 0.33650829857719466)	(9.0, 0.28359350780543613)	('>10', 2.797613648738493)	('>50', 0.6080165075115617)	('>100', 0.6475838255086576)	('>500', 0.03662028980217731)	('>1k', 0.03451137250232247)	('>5k', 0.033719997771509115)	('>10k+', 0.05036273013163277)
109M_2	(1.0, 84.65628170858089)	(2.0, 12.81849745633346)	(3.0, 1.7909740579548756)	(4.0, 0.3413845670683226)	(5.0, 0.10417800490134597)	(6.0, 0.045103303585416206)	(7.0, 0.03510079690571841)	(8.0, 0.022076217122622904)	(9.0, 0.017068835455659404)	('>10', 0.08485851096150498)	('>50', 0.0083723364497635)	('>100', 0.01823600518775982)	('>500', 0.008632206471356799)	('>1k', 0.009538604896207531)	('>5k', 0.0)	('>10k+', 0.03969738812510753)
239M_1	(1.0, 72.61816679036133)	(2.0, 14.649606810218629)	(3.0, 3.4202921494153333)	(4.0, 1.4035435475039038)	(5.0, 0.8469437508188679)	(6.0, 0.6105454987061026)	(7.0, 0.4658872351823688)	(8.0, 0.36109388284683547)	(9.0, 0.31824240471829857)	('>10', 3.357844961774515)	('>50', 0.7949067615004355)	('>100', 0.9403822216218768)	('>500', 0.051242547433673756)	('>1k', 0.04284467556857256)	('>5k', 0.01851434654606256)	('>10k+', 0.09994241578319214)
239M_2	(1.0, 83.97453137309277)	(2.0, 13.100864868295142)	(3.0, 1.907063359854802)	(4.0, 0.4112197608031617)	(5.0, 0.13814301467963355)	(6.0, 0.06309690321110326)	(7.0, 0.046093845596545585)	(8.0, 0.03308389473264884)	(9.0, 0.022066980652091644)	('>10', 0.1512595371567658)	('>50', 0.016531371644470588)	('>100', 0.04079742021171795)	('>500', 0.009802136929785725)	('>1k', 0.01508032643438588)	('>5k', 0.007222852225834521)	('>10k+', 0.06314235447910539)
240M_1	(1.0, 71.44172993067673)	(2.0, 12.936040933408513)	(3.0, 3.3183867149085047)	(4.0, 1.4389737918608576)	(5.0, 0.9014004190196175)	(6.0, 0.6774584750395882)	(7.0, 0.4901826387240699)	(8.0, 0.41256269823759706)	(9.0, 0.40681572973357216)	('>10', 4.477245060199056)	('>50', 1.208013485725084)	('>100', 1.9629754731382756)	('>500', 0.1832296708802411)	('>1k', 0.08778471027829064)	('>5k', 0.01053040628593184)	('>10k+', 0.04666986188418088)
240M_2	(1.0, 85.71784665388617)	(2.0, 11.421953459880672)	(3.0, 1.6119668488551133)	(4.0, 0.40849148771247645)	(5.0, 0.1663003508091418)	(6.0, 0.10425108729433068)	(7.0, 0.08625967724014454)	(8.0, 0.060217496872823684)	(9.0, 0.04619460926394982)	('>10', 0.2968355502854804)	('>50', 0.018731861109409404)	('>100', 0.011446646274808759)	('>500', 0.004606516136842877)	('>1k', 0.0022961962065991804)	('>5k', 0.0)	('>10k+', 0.042601558172035564)
241M_1	(1.0, 73.12799622703163)	(2.0, 13.743304573845242)	(3.0, 3.139096237098804)	(4.0, 1.2929526244778797)	(5.0, 0.8511758933121844)	(6.0, 0.5628010996605007)	(7.0, 0.45011742273892164)	(8.0, 0.39134228789528624)	(9.0, 0.31747237596546724)	('>10', 3.883327321540584)	('>50', 1.0348100286234947)	('>100', 1.034183896128832)	('>500', 0.0707282765994252)	('>1k', 0.029097297731435386)	('>5k', 0.03237707882973612)	('>10k+', 0.03921735852043531)
241M_2	(1.0, 85.39503213415531)	(2.0, 12.150071719577983)	(3.0, 1.5396999320318845)	(4.0, 0.3543782575413419)	(5.0, 0.1292170428006712)	(6.0, 0.07517225484663444)	(7.0, 0.03911353722826625)	(8.0, 0.03211283012540635)	(9.0, 0.026107663987544133)	('>10', 0.15450525580432337)	('>50', 0.018794744177450737)	('>100', 0.012642758144189283)	('>500', 0.0061803642040409055)	('>1k', 0.01333193044799335)	('>5k', 0.0)	('>10k+', 0.053639574927036665)
242M_1	(1.0, 68.7864823310861)	(2.0, 12.941533955231534)	(3.0, 3.350606751936706)	(4.0, 1.422369435540812)	(5.0, 0.9836365877367765)	(6.0, 0.7135478299101264)	(7.0, 0.6034510606717378)	(8.0, 0.5300862091528714)	(9.0, 0.43070906121400954)	('>10', 5.365096875159195)	('>50', 1.68503923571573)	('>100', 2.4755127242658137)	('>500', 0.4420195559760237)	('>1k', 0.21120130031694068)	('>5k', 0.016843341110341643)	('>10k+', 0.041863744975224645)
242M_2	(1.0, 85.80767378991422)	(2.0, 11.173975036987601)	(3.0, 1.4939035847409516)	(4.0, 0.3914742470857116)	(5.0, 0.21438966145862587)	(6.0, 0.1373327775921457)	(7.0, 0.11735538339506775)	(8.0, 0.060218768526352814)	(9.0, 0.06929359949146273)	('>10', 0.4387081634071631)	('>50', 0.03428805163413744)	('>100', 0.016862580334654573)	('>500', 0.001666414516786718)	('>1k', 0.002737358244673454)	('>5k', 0.0)	('>10k+', 0.04012058267044126)
269M_1	(1.0, 74.20356051126197)	(2.0, 14.014080631956821)	(3.0, 3.232684040141283)	(4.0, 1.386498428026138)	(5.0, 0.8215711646965213)	(6.0, 0.5980231057910026)	(7.0, 0.4552726284921735)	(8.0, 0.34940481825950215)	(9.0, 0.3175455256400749)	('>10', 2.9324200131151694)	('>50', 0.7252320253398258)	('>100', 0.8051312152987945)	('>500', 0.03607655998360775)	('>1k', 0.03929735178717591)	('>5k', 0.03272943008055707)	('>10k+', 0.05047255012935386)
269M_2	(1.0, 85.4581653197794)	(2.0, 12.126299796382854)	(3.0, 1.6506921843295095)	(4.0, 0.3323251635612304)	(5.0, 0.11617858428444768)	(6.0, 0.05511549118819045)	(7.0, 0.04612237695523934)	(8.0, 0.01605153769778527)	(9.0, 0.014052948732884521)	('>10', 0.0898009387976628)	('>50', 0.011431618797108673)	('>100', 0.01589212470879216)	('>500', 0.007033971151734427)	('>1k', 0.010138455445139648)	('>5k', 0.008368647595858786)	('>10k+', 0.04233084059212227)
270M_1	(1.0, 71.61837372315915)	(2.0, 14.005474872746134)	(3.0, 3.357481975438282)	(4.0, 1.3255708897760254)	(5.0, 0.7834007108317357)	(6.0, 0.6070915221949853)	(7.0, 0.548477952608079)	(8.0, 0.39283988854686336)	(9.0, 0.3560485178998409)	('>10', 4.248219013970218)	('>50', 1.1278713085196477)	('>100', 1.3435740528496674)	('>500', 0.11123554981357954)	('>1k', 0.05512124374330872)	('>5k', 0.026292632318681414)	('>10k+', 0.09292614558380842)
270M_2	(1.0, 84.13953707477974)	(2.0, 12.83415052915492)	(3.0, 1.8703077447578722)	(4.0, 0.41229130411432025)	(5.0, 0.16921120339742907)	(6.0, 0.09116312620385528)	(7.0, 0.05913780411870511)	(8.0, 0.03810939920306489)	(9.0, 0.03110609395811034)	('>10', 0.20681221561664595)	('>50', 0.019756806959457623)	('>100', 0.0302238192943532)	('>500', 0.01571724702368005)	('>1k', 0.024381830312317703)	('>5k', 0.0)	('>10k+', 0.05809380110555646)
271M_1	(1.0, 74.49526620519853)	(2.0, 13.891002051992935)	(3.0, 3.251977882982493)	(4.0, 1.2873822030941127)	(5.0, 0.8344476357542964)	(6.0, 0.5429632312039879)	(7.0, 0.4362294757896589)	(8.0, 0.35539780955937444)	(9.0, 0.31854540017712946)	('>10', 2.9544620343335755)	('>50', 0.7203214708041611)	('>100', 0.7296899858639637)	('>500', 0.0374324665906636)	('>1k', 0.040087858887140525)	('>5k', 0.020278178174040196)	('>10k+', 0.08451610959400109)
271M_2	(1.0, 85.38547354604493)	(2.0, 12.081055328545114)	(3.0, 1.6964515394525364)	(4.0, 0.33929124180480114)	(5.0, 0.10915829382200679)	(6.0, 0.060122735248972284)	(7.0, 0.025065979302879987)	(8.0, 0.026084057760698196)	(9.0, 0.02509567608816126)	('>10', 0.11104899032150957)	('>50', 0.014602239173640017)	('>100', 0.03770619207817193)	('>500', 0.00582539939342607)	('>1k', 0.017088371987968132)	('>5k', 0.008532894986800654)	('>10k+', 0.05739751398837098)
272M_1	(1.0, 74.07361513061282)	(2.0, 13.927657802974256)	(3.0, 3.253993599598337)	(4.0, 1.293989316492179)	(5.0, 0.8491889936010405)	(6.0, 0.5777939088569438)	(7.0, 0.4811160388384283)	(8.0, 0.3713113754772278)	(9.0, 0.32246289656319976)	('>10', 3.1186936113953)	('>50', 0.7710404810901264)	('>100', 0.7540542370884668)	('>500', 0.03411099850727035)	('>1k', 0.0419355571775156)	('>5k', 0.0345677427027193)	('>10k+', 0.09446830902409062)
272M_2	(1.0, 84.91536261090042)	(2.0, 12.484045752151921)	(3.0, 1.7074786533751025)	(4.0, 0.3783317682309825)	(5.0, 0.1432109562895187)	(6.0, 0.059122305903667266)	(7.0, 0.031082800428393488)	(8.0, 0.020065384384813863)	(9.0, 0.015058015416771325)	('>10', 0.10501071861923328)	('>50', 0.02292565705232271)	('>100', 0.0324575858375163)	('>500', 0.004216396242924979)	('>1k', 0.016119622388935422)	('>5k', 0.009190281651901343)	('>10k+', 0.05632149112554752)
69M_1	(1.0, 70.58221751059796)	(2.0, 13.248183274452918)	(3.0, 3.1922326031237023)	(4.0, 1.2847862321876107)	(5.0, 0.8659772615786038)	(6.0, 0.6690440835189179)	(7.0, 0.578636284806256)	(8.0, 0.4422082144229113)	(9.0, 0.4084997081381348)	('>10', 5.0607553613468585)	('>50', 1.3379698776825197)	('>100', 1.9131318938166104)	('>500', 0.20793877002321912)	('>1k', 0.09586588249304451)	('>5k', 0.0)	('>10k+', 0.11255304181070747)
69M_2	(1.0, 84.94022400143993)	(2.0, 12.04732434543448)	(3.0, 1.6894357699377072)	(4.0, 0.3963252066404008)	(5.0, 0.19727277886991196)	(6.0, 0.12424159056014047)	(7.0, 0.0741859004954088)	(8.0, 0.06921226042019063)	(9.0, 0.038138339696314846)	('>10', 0.29469822818583075)	('>50', 0.020783544655546562)	('>100', 0.027295499226078834)	('>500', 0.010348039402980328)	('>1k', 0.010076050322819894)	('>5k', 0.0)	('>10k+', 0.06043844471221709)
70M_1	(1.0, 70.55187349765508)	(2.0, 13.584118915786005)	(3.0, 3.4201281650503077)	(4.0, 1.5211430107514974)	(5.0, 1.0033683130889834)	(6.0, 0.7404796839965668)	(7.0, 0.6210783942969794)	(8.0, 0.45558312281871033)	(9.0, 0.41085758321651883)	('>10', 4.491117541282658)	('>50', 1.1214967404058906)	('>100', 1.7696389475084622)	('>500', 0.1642475712387523)	('>1k', 0.059739816348470566)	('>5k', 0.01182446750962767)	('>10k+', 0.07330422904537652)
70M_2	(1.0, 84.49668011923411)	(2.0, 12.506865529194267)	(3.0, 1.7676996313887612)	(4.0, 0.408392795805729)	(5.0, 0.18728606146557564)	(6.0, 0.09820550207846211)	(7.0, 0.06617584996407766)	(8.0, 0.05216806611595923)	(9.0, 0.03914819617294368)	('>10', 0.2754844268330147)	('>50', 0.01867456861554908)	('>100', 0.015776091468229666)	('>500', 0.004165057955662175)	('>1k', 0.012145815278758807)	('>5k', 0.00990131945709287)	('>10k+', 0.04123096897179537)
71M_1	(1.0, 71.13192094043859)	(2.0, 13.615173705117737)	(3.0, 3.427249886488103)	(4.0, 1.4165798875279638)	(5.0, 0.8338979083056636)	(6.0, 0.6238011716096505)	(7.0, 0.5083273311756376)	(8.0, 0.44068039110093965)	(9.0, 0.3229587573053161)	('>10', 4.118525979664929)	('>50', 1.422306870583664)	('>100', 1.8531938257319962)	('>500', 0.15967944225516217)	('>1k', 0.06520159092083792)	('>5k', 0.0438043449274292)	('>10k+', 0.016697966846249704)
71M_2	(1.0, 84.33156924364017)	(2.0, 12.421086203708684)	(3.0, 1.901991973383925)	(4.0, 0.46251625363654775)	(5.0, 0.2053512231719401)	(6.0, 0.1242863620745557)	(7.0, 0.07220921007747846)	(8.0, 0.050175112781126206)	(9.0, 0.04518445733444624)	('>10', 0.299786478999387)	('>50', 0.013546119073254875)	('>100', 0.016141423436261158)	('>500', 0.004730672339931945)	('>1k', 0.009827720359957161)	('>5k', 0.0)	('>10k+', 0.04159754598235907)
72M_1	(1.0, 72.17492724895207)	(2.0, 13.756843308224356)	(3.0, 3.456456437856994)	(4.0, 1.3790110568888843)	(5.0, 0.8846073678832765)	(6.0, 0.6383733712403299)	(7.0, 0.5137999374360245)	(8.0, 0.4170844087948329)	(9.0, 0.3032406723433699)	('>10', 3.864598931015534)	('>50', 0.9968653073348887)	('>100', 1.4029574830045641)	('>500', 0.09151745296903153)	('>1k', 0.05604283097215461)	('>5k', 0.017450525691554617)	('>10k+', 0.04622365939215863)
72M_2	(1.0, 84.56788070668287)	(2.0, 12.52582804070733)	(3.0, 1.8840862787682617)	(4.0, 0.3904554167064642)	(5.0, 0.16328668690586118)	(6.0, 0.0811903603659316)	(7.0, 0.05817061703145205)	(8.0, 0.040141338012410176)	(9.0, 0.03213201472112808)	('>10', 0.17270149946825614)	('>50', 0.011510899740608507)	('>100', 0.022083208732007063)	('>500', 0.0055541739201047085)	('>1k', 0.005395337815313918)	('>5k', 0.0)	('>10k+', 0.03958342042206618)
78M_1	(1.0, 72.05392526223002)	(2.0, 13.920569389540463)	(3.0, 3.3259291092329777)	(4.0, 1.3684307695125484)	(5.0, 0.8598574676362766)	(6.0, 0.6784705269886687)	(7.0, 0.5058824134903283)	(8.0, 0.4271345965231475)	(9.0, 0.3683175886779822)	('>10', 3.9232983874290195)	('>50', 1.1444958475831752)	('>100', 1.2423049219865903)	('>500', 0.07034434841202226)	('>1k', 0.03382208373478987)	('>5k', 0.02166295610618279)	('>10k+', 0.05555433091584558)
78M_2	(1.0, 84.40898043602255)	(2.0, 12.892414196989947)	(3.0, 1.7268656971971237)	(4.0, 0.3974163579080028)	(5.0, 0.13321228895991452)	(6.0, 0.08418007534017989)	(7.0, 0.05514803524171645)	(8.0, 0.05016197724934716)	(9.0, 0.02007575478913754)	('>10', 0.1624655211916151)	('>50', 0.007253245020910366)	('>100', 0.00988807413248963)	('>500', 0.0013353071189981947)	('>1k', 0.008573504550020455)	('>5k', 0.0)	('>10k+', 0.04202952828804646)
79M_1	(1.0, 75.8044805433127)	(2.0, 13.263839232125967)	(3.0, 3.1127482814640564)	(4.0, 1.2560454532367002)	(5.0, 0.7608824376734498)	(6.0, 0.565254623285952)	(7.0, 0.42845198905687076)	(8.0, 0.3495799268588968)	(9.0, 0.3086984077767737)	('>10', 2.743623964695542)	('>50', 0.6205039742198434)	('>100', 0.6508279805892685)	('>500', 0.019118990246317108)	('>1k', 0.028616476891015718)	('>5k', 0.029362034311874497)	('>10k+', 0.05796568425474936)
79M_2	(1.0, 86.65381941596418)	(2.0, 11.246893821088253)	(3.0, 1.4398557711883788)	(4.0, 0.2613129600999753)	(5.0, 0.10318578174726628)	(6.0, 0.0451083858687892)	(7.0, 0.03410246534340377)	(8.0, 0.01605790466259886)	(9.0, 0.01606759423013035)	('>10', 0.0939091964854672)	('>50', 0.016664426472589665)	('>100', 0.014457585056735531)	('>500', 0.005698144774105124)	('>1k', 0.012170050397252035)	('>5k', 0.0)	('>10k+', 0.040696496620877286)
80M_1	(1.0, 74.10249902572768)	(2.0, 13.652581113349049)	(3.0, 3.2504632903196393)	(4.0, 1.4059920043045726)	(5.0, 0.7593577476469427)	(6.0, 0.5878448977668547)	(7.0, 0.4661480647070775)	(8.0, 0.3833444990421095)	(9.0, 0.31045924650534756)	('>10', 3.180985939134879)	('>50', 0.8016528456897354)	('>100', 0.9263898120307303)	('>500', 0.04092846009374348)	('>1k', 0.04095587293277476)	('>5k', 0.027146648907564262)	('>10k+', 0.06325053184142355)
80M_2	(1.0, 85.57930845271585)	(2.0, 11.96360948030964)	(3.0, 1.5807343955391098)	(4.0, 0.3513671653481157)	(5.0, 0.11318391064747406)	(6.0, 0.05913034430459072)	(7.0, 0.04612839281089374)	(8.0, 0.0301011988660959)	(9.0, 0.019075157690507515)	('>10', 0.14642984937729467)	('>50', 0.018724646683189464)	('>100', 0.023708766394331733)	('>500', 0.012908729880914434)	('>1k', 0.006399659392588729)	('>5k', 0.0069760404259353705)	('>10k+', 0.042213809613556655)
81M_1	(1.0, 73.4323410528251)	(2.0, 13.728332459419285)	(3.0, 3.192064320146817)	(4.0, 1.2993536184654197)	(5.0, 0.8024582519842333)	(6.0, 0.6019496706964641)	(7.0, 0.4812441944683463)	(8.0, 0.34838252084923094)	(9.0, 0.3515935226111926)	('>10', 3.8529060369252384)	('>50', 0.8426637382204764)	('>100', 0.9146847844583562)	('>500', 0.046506359101459865)	('>1k', 0.03248030923296305)	('>5k', 0.03220772080655013)	('>10k+', 0.040831439789032746)
81M_2	(1.0, 85.37407093824142)	(2.0, 12.206929231808306)	(3.0, 1.5597839958520658)	(4.0, 0.3744090476735273)	(5.0, 0.1232072266214927)	(6.0, 0.0611388396956289)	(7.0, 0.04212043853897259)	(8.0, 0.025086483507820775)	(9.0, 0.01606482125980181)	('>10', 0.12416307818850854)	('>50', 0.015585585956176201)	('>100', 0.015919901281831097)	('>500', 0.004452401997871649)	('>1k', 0.00708752515297503)	('>5k', 0.00815995864492898)	('>10k+', 0.04182052557863818)
92M_1	(1.0, 74.6684757825668)	(2.0, 13.75982607874725)	(3.0, 3.122632722327113)	(4.0, 1.32690829318379)	(5.0, 0.8337937671677795)	(6.0, 0.5971956520772735)	(7.0, 0.42838646371327604)	(8.0, 0.39658544638641713)	(9.0, 0.29660800398324916)	('>10', 2.9365400428379624)	('>50', 0.6816212284574418)	('>100', 0.8259556867702869)	('>500', 0.05104279096037245)	('>1k', 0.016430497689566212)	('>5k', 0.016796312502845252)	('>10k+', 0.04120123062839234)
92M_2	(1.0, 85.71909312003562)	(2.0, 11.965351203503594)	(3.0, 1.5137871578656648)	(4.0, 0.32335367395097075)	(5.0, 0.11018368773410508)	(6.0, 0.07817511242250386)	(7.0, 0.04512691770699998)	(8.0, 0.02809508732208439)	(9.0, 0.017067520225185755)	('>10', 0.11608204772125968)	('>50', 0.01142490481770892)	('>100', 0.015022664519432903)	('>500', 0.0056673089339928035)	('>1k', 0.004438898831470208)	('>5k', 0.00931272860379677)	('>10k+', 0.03781796580558221)
93M_1	(1.0, 73.35248944689184)	(2.0, 14.034780842171793)	(3.0, 3.381766169834235)	(4.0, 1.3243458486461956)	(5.0, 0.815465730911808)	(6.0, 0.5799641709677793)	(7.0, 0.4812556165707133)	(8.0, 0.3624072004779366)	(9.0, 0.3475963310383789)	('>10', 3.3879840669331687)	('>50', 0.8802173050026644)	('>100', 0.895327267982008)	('>500', 0.04513661322081364)	('>1k', 0.04278420067832858)	('>5k', 0.006983059590029864)	('>10k+', 0.06149612908237282)
93M_2	(1.0, 84.54519349942281)	(2.0, 12.66875142325841)	(3.0, 1.8586245159615988)	(4.0, 0.4023733928490791)	(5.0, 0.13520544125488393)	(6.0, 0.06213112814712822)	(7.0, 0.03810291870819316)	(8.0, 0.02909575909919625)	(9.0, 0.021081814375583197)	('>10', 0.11412999027872142)	('>50', 0.008313778452367292)	('>100', 0.03797164924751316)	('>500', 0.008860909964009348)	('>1k', 0.006804220860628563)	('>5k', 0.007273291825571984)	('>10k+', 0.05608626629426261)
94M_1	(1.0, 71.6749725514521)	(2.0, 13.735366126719445)	(3.0, 3.194797905342623)	(4.0, 1.4003200632844115)	(5.0, 0.8123242319690941)	(6.0, 0.5961068178667913)	(7.0, 0.492539863025805)	(8.0, 0.37885963628320285)	(9.0, 0.3330642177957176)	('>10', 4.6090547567106)	('>50', 1.2431146070261436)	('>100', 1.2812854966108023)	('>500', 0.07750722309234825)	('>1k', 0.057444591590525944)	('>5k', 0.01769562759396043)	('>10k+', 0.09554628363629841)
94M_2	(1.0, 84.4431280229406)	(2.0, 12.68054316614119)	(3.0, 1.7712340716378145)	(4.0, 0.4252952454823775)	(5.0, 0.13817352562289145)	(6.0, 0.08715837302353863)	(7.0, 0.057135861657348054)	(8.0, 0.03209430101916288)	(9.0, 0.030105314597437184)	('>10', 0.17748644901833016)	('>50', 0.02177322144543465)	('>100', 0.035237553584218324)	('>500', 0.00570679024388388)	('>1k', 0.031171258497135573)	('>5k', 0.008229154332246824)	('>10k+', 0.05552769075636785)
95M_1	(1.0, 75.1609408238107)	(2.0, 13.345570269407109)	(3.0, 3.100113499990812)	(4.0, 1.3097586295318373)	(5.0, 0.7327656142151242)	(6.0, 0.557171347508335)	(7.0, 0.4063797219851424)	(8.0, 0.3525502421997246)	(9.0, 0.2665829024055404)	('>10', 3.023890458763293)	('>50', 0.7541524637586001)	('>100', 0.8555022190361308)	('>500', 0.03866683675417576)	('>1k', 0.031249042911452175)	('>5k', 0.01418657998191682)	('>10k+', 0.05051934774005218)
95M_2	(1.0, 85.84696004769046)	(2.0, 11.81883091514246)	(3.0, 1.5569528614444086)	(4.0, 0.3254027807682922)	(5.0, 0.08616052189602767)	(6.0, 0.05513717019341504)	(7.0, 0.0441373563390661)	(8.0, 0.031116241569319546)	(9.0, 0.015065669740813947)	('>10', 0.12927120482631366)	('>50', 0.013589076890838388)	('>100', 0.019799517108792356)	('>500', 0.007438998945326012)	('>1k', 0.008582568269027858)	('>5k', 0.0)	('>10k+', 0.04155506917546784)
