Sample	0	1	2	3	4	5	6	7	8	9	10	11	12	13	14	15	16	17	18	19	20	21	22	23	24	25	26	27	28	29	30	31	32	33	34	35	36	37
105M_1	(12.0, 1.0)	(13.0, 0.0)	(14.0, 2.0)	(15.0, 1.0)	(16.0, 9.0)	(17.0, 112.0)	(18.0, 2069.0)	(19.0, 12583.0)	(20.0, 41309.0)	(21.0, 75494.0)	(22.0, 97294.0)	(23.0, 114387.0)	(24.0, 139361.0)	(25.0, 162050.0)	(26.0, 188086.0)	(27.0, 213020.0)	(28.0, 253701.0)	(29.0, 297352.0)	(30.0, 355926.0)	(31.0, 423132.0)	(32.0, 553154.0)	(33.0, 742224.0)	(34.0, 1032401.0)	(35.0, 1489193.0)	(36.0, 2552032.0)	(37.0, 4827592.0)	(38.0, 12034843.0)	(39.0, 53390337.0)	(40.0, 13978781.0)									
105M_2	(3.0, 1.0)	(4.0, 8.0)	(5.0, 29.0)	(6.0, 26.0)	(7.0, 45.0)	(8.0, 95.0)	(9.0, 115.0)	(10.0, 162.0)	(11.0, 210.0)	(12.0, 291.0)	(13.0, 368.0)	(14.0, 391.0)	(15.0, 544.0)	(16.0, 1332.0)	(17.0, 4761.0)	(18.0, 20663.0)	(19.0, 70372.0)	(20.0, 115487.0)	(21.0, 104386.0)	(22.0, 93582.0)	(23.0, 96074.0)	(24.0, 113088.0)	(25.0, 128791.0)	(26.0, 149343.0)	(27.0, 170336.0)	(28.0, 210653.0)	(29.0, 265037.0)	(30.0, 337650.0)	(31.0, 394909.0)	(32.0, 494950.0)	(33.0, 639474.0)	(34.0, 902934.0)	(35.0, 1352420.0)	(36.0, 2426773.0)	(37.0, 5072919.0)	(38.0, 13770753.0)	(39.0, 55679212.0)	(40.0, 10358262.0)
106M_1	(17.0, 91.0)	(18.0, 1602.0)	(19.0, 10891.0)	(20.0, 38133.0)	(21.0, 72324.0)	(22.0, 94134.0)	(23.0, 109340.0)	(24.0, 132516.0)	(25.0, 155428.0)	(26.0, 181001.0)	(27.0, 203708.0)	(28.0, 242119.0)	(29.0, 283785.0)	(30.0, 339403.0)	(31.0, 410360.0)	(32.0, 557797.0)	(33.0, 725979.0)	(34.0, 921289.0)	(35.0, 1312110.0)	(36.0, 2253422.0)	(37.0, 4290465.0)	(38.0, 10746972.0)	(39.0, 49895630.0)	(40.0, 15307162.0)														
106M_2	(3.0, 2.0)	(4.0, 7.0)	(5.0, 25.0)	(6.0, 39.0)	(7.0, 40.0)	(8.0, 89.0)	(9.0, 127.0)	(10.0, 184.0)	(11.0, 199.0)	(12.0, 304.0)	(13.0, 341.0)	(14.0, 420.0)	(15.0, 546.0)	(16.0, 1291.0)	(17.0, 4839.0)	(18.0, 19603.0)	(19.0, 65481.0)	(20.0, 110830.0)	(21.0, 100933.0)	(22.0, 91640.0)	(23.0, 94714.0)	(24.0, 110787.0)	(25.0, 126282.0)	(26.0, 146304.0)	(27.0, 164728.0)	(28.0, 203417.0)	(29.0, 252750.0)	(30.0, 323818.0)	(31.0, 385148.0)	(32.0, 470035.0)	(33.0, 596154.0)	(34.0, 824603.0)	(35.0, 1224969.0)	(36.0, 2178527.0)	(37.0, 4533004.0)	(38.0, 12270744.0)	(39.0, 52751464.0)	(40.0, 11231273.0)
107M_1	(12.0, 1.0)	(13.0, 1.0)	(14.0, 2.0)	(15.0, 0.0)	(16.0, 5.0)	(17.0, 83.0)	(18.0, 1655.0)	(19.0, 11579.0)	(20.0, 39146.0)	(21.0, 73204.0)	(22.0, 97438.0)	(23.0, 114756.0)	(24.0, 140822.0)	(25.0, 165343.0)	(26.0, 191924.0)	(27.0, 217225.0)	(28.0, 257564.0)	(29.0, 302646.0)	(30.0, 364344.0)	(31.0, 445609.0)	(32.0, 620603.0)	(33.0, 812000.0)	(34.0, 1003843.0)	(35.0, 1436794.0)	(36.0, 2473629.0)	(37.0, 4699759.0)	(38.0, 11665081.0)	(39.0, 53425154.0)	(40.0, 16046270.0)									
107M_2	(3.0, 4.0)	(4.0, 8.0)	(5.0, 24.0)	(6.0, 39.0)	(7.0, 50.0)	(8.0, 95.0)	(9.0, 125.0)	(10.0, 140.0)	(11.0, 261.0)	(12.0, 281.0)	(13.0, 338.0)	(14.0, 440.0)	(15.0, 586.0)	(16.0, 1386.0)	(17.0, 4967.0)	(18.0, 21013.0)	(19.0, 68894.0)	(20.0, 116615.0)	(21.0, 107919.0)	(22.0, 97916.0)	(23.0, 101319.0)	(24.0, 118199.0)	(25.0, 135530.0)	(26.0, 155957.0)	(27.0, 178394.0)	(28.0, 220471.0)	(29.0, 278745.0)	(30.0, 354022.0)	(31.0, 412423.0)	(32.0, 505099.0)	(33.0, 646568.0)	(34.0, 903639.0)	(35.0, 1341568.0)	(36.0, 2385286.0)	(37.0, 4934360.0)	(38.0, 13214766.0)	(39.0, 56241211.0)	(40.0, 12057822.0)
109M_1	(15.0, 3.0)	(16.0, 12.0)	(17.0, 121.0)	(18.0, 2111.0)	(19.0, 13921.0)	(20.0, 46376.0)	(21.0, 83030.0)	(22.0, 102966.0)	(23.0, 115624.0)	(24.0, 140255.0)	(25.0, 164109.0)	(26.0, 190355.0)	(27.0, 216172.0)	(28.0, 257408.0)	(29.0, 302554.0)	(30.0, 362777.0)	(31.0, 436271.0)	(32.0, 580182.0)	(33.0, 791527.0)	(34.0, 1045577.0)	(35.0, 1482742.0)	(36.0, 2565302.0)	(37.0, 4881038.0)	(38.0, 12084877.0)	(39.0, 52979556.0)	(40.0, 14426234.0)												
109M_2	(3.0, 2.0)	(4.0, 16.0)	(5.0, 17.0)	(6.0, 29.0)	(7.0, 49.0)	(8.0, 98.0)	(9.0, 128.0)	(10.0, 167.0)	(11.0, 237.0)	(12.0, 311.0)	(13.0, 290.0)	(14.0, 370.0)	(15.0, 512.0)	(16.0, 1364.0)	(17.0, 5392.0)	(18.0, 22629.0)	(19.0, 73955.0)	(20.0, 119146.0)	(21.0, 107541.0)	(22.0, 97989.0)	(23.0, 100976.0)	(24.0, 117093.0)	(25.0, 134822.0)	(26.0, 154808.0)	(27.0, 176440.0)	(28.0, 216272.0)	(29.0, 270160.0)	(30.0, 344560.0)	(31.0, 407686.0)	(32.0, 505709.0)	(33.0, 649455.0)	(34.0, 913056.0)	(35.0, 1359422.0)	(36.0, 2439828.0)	(37.0, 5103529.0)	(38.0, 13766849.0)	(39.0, 55185931.0)	(40.0, 10994262.0)
239M_1	(12.0, 1.0)	(13.0, 1.0)	(14.0, 1.0)	(15.0, 1.0)	(16.0, 9.0)	(17.0, 142.0)	(18.0, 2192.0)	(19.0, 13641.0)	(20.0, 45180.0)	(21.0, 84024.0)	(22.0, 109828.0)	(23.0, 128837.0)	(24.0, 157505.0)	(25.0, 185559.0)	(26.0, 215574.0)	(27.0, 243815.0)	(28.0, 291346.0)	(29.0, 342369.0)	(30.0, 414330.0)	(31.0, 507024.0)	(32.0, 702023.0)	(33.0, 938900.0)	(34.0, 1191584.0)	(35.0, 1683138.0)	(36.0, 2883492.0)	(37.0, 5453330.0)	(38.0, 13459283.0)	(39.0, 60959608.0)	(40.0, 18099474.0)									
239M_2	(3.0, 2.0)	(4.0, 12.0)	(5.0, 21.0)	(6.0, 35.0)	(7.0, 61.0)	(8.0, 95.0)	(9.0, 125.0)	(10.0, 177.0)	(11.0, 258.0)	(12.0, 336.0)	(13.0, 352.0)	(14.0, 433.0)	(15.0, 594.0)	(16.0, 1537.0)	(17.0, 5727.0)	(18.0, 24105.0)	(19.0, 76865.0)	(20.0, 129517.0)	(21.0, 119188.0)	(22.0, 108252.0)	(23.0, 112502.0)	(24.0, 130374.0)	(25.0, 149204.0)	(26.0, 173663.0)	(27.0, 198009.0)	(28.0, 246572.0)	(29.0, 316946.0)	(30.0, 405510.0)	(31.0, 463888.0)	(32.0, 572770.0)	(33.0, 741086.0)	(34.0, 1046672.0)	(35.0, 1553820.0)	(36.0, 2736101.0)	(37.0, 5606573.0)	(38.0, 15009022.0)	(39.0, 64215003.0)	(40.0, 13966804.0)
240M_1	(12.0, 1.0)	(13.0, 1.0)	(14.0, 1.0)	(15.0, 1.0)	(16.0, 8.0)	(17.0, 115.0)	(18.0, 2312.0)	(19.0, 15151.0)	(20.0, 50647.0)	(21.0, 89995.0)	(22.0, 104970.0)	(23.0, 112044.0)	(24.0, 134547.0)	(25.0, 157681.0)	(26.0, 182536.0)	(27.0, 204613.0)	(28.0, 243224.0)	(29.0, 284842.0)	(30.0, 340714.0)	(31.0, 405017.0)	(32.0, 539377.0)	(33.0, 716616.0)	(34.0, 934447.0)	(35.0, 1325360.0)	(36.0, 2263647.0)	(37.0, 4267308.0)	(38.0, 10627410.0)	(39.0, 50538995.0)	(40.0, 14977516.0)									
240M_2	(3.0, 1.0)	(4.0, 11.0)	(5.0, 25.0)	(6.0, 26.0)	(7.0, 41.0)	(8.0, 96.0)	(9.0, 101.0)	(10.0, 163.0)	(11.0, 195.0)	(12.0, 257.0)	(13.0, 292.0)	(14.0, 375.0)	(15.0, 497.0)	(16.0, 1408.0)	(17.0, 5962.0)	(18.0, 24717.0)	(19.0, 78974.0)	(20.0, 125053.0)	(21.0, 103167.0)	(22.0, 88396.0)	(23.0, 91075.0)	(24.0, 107918.0)	(25.0, 125345.0)	(26.0, 145642.0)	(27.0, 166786.0)	(28.0, 205874.0)	(29.0, 258461.0)	(30.0, 321372.0)	(31.0, 367110.0)	(32.0, 459177.0)	(33.0, 597439.0)	(34.0, 843490.0)	(35.0, 1258374.0)	(36.0, 2251544.0)	(37.0, 4715917.0)	(38.0, 12940443.0)	(39.0, 52992721.0)	(40.0, 10240651.0)
241M_1	(12.0, 1.0)	(13.0, 0.0)	(14.0, 4.0)	(15.0, 5.0)	(16.0, 9.0)	(17.0, 123.0)	(18.0, 2010.0)	(19.0, 12988.0)	(20.0, 42191.0)	(21.0, 73549.0)	(22.0, 91400.0)	(23.0, 104413.0)	(24.0, 127307.0)	(25.0, 148707.0)	(26.0, 171399.0)	(27.0, 194369.0)	(28.0, 231202.0)	(29.0, 270778.0)	(30.0, 325013.0)	(31.0, 389717.0)	(32.0, 521242.0)	(33.0, 707050.0)	(34.0, 914002.0)	(35.0, 1300549.0)	(36.0, 2250098.0)	(37.0, 4262559.0)	(38.0, 10582851.0)	(39.0, 49818356.0)	(40.0, 14521488.0)									
241M_2	(4.0, 8.0)	(5.0, 15.0)	(6.0, 19.0)	(7.0, 37.0)	(8.0, 77.0)	(9.0, 98.0)	(10.0, 137.0)	(11.0, 173.0)	(12.0, 236.0)	(13.0, 263.0)	(14.0, 333.0)	(15.0, 420.0)	(16.0, 1155.0)	(17.0, 4365.0)	(18.0, 19536.0)	(19.0, 65006.0)	(20.0, 107063.0)	(21.0, 95332.0)	(22.0, 84209.0)	(23.0, 85387.0)	(24.0, 99268.0)	(25.0, 114279.0)	(26.0, 132920.0)	(27.0, 151018.0)	(28.0, 184278.0)	(29.0, 226749.0)	(30.0, 285066.0)	(31.0, 335401.0)	(32.0, 422370.0)	(33.0, 549847.0)	(34.0, 775681.0)	(35.0, 1162961.0)	(36.0, 2100425.0)	(37.0, 4454848.0)	(38.0, 12476008.0)	(39.0, 52851205.0)	(40.0, 10277187.0)	
242M_1	(11.0, 1.0)	(12.0, 0.0)	(13.0, 2.0)	(14.0, 1.0)	(15.0, 1.0)	(16.0, 8.0)	(17.0, 126.0)	(18.0, 2375.0)	(19.0, 15416.0)	(20.0, 46827.0)	(21.0, 79937.0)	(22.0, 98088.0)	(23.0, 111070.0)	(24.0, 134824.0)	(25.0, 157938.0)	(26.0, 181071.0)	(27.0, 202809.0)	(28.0, 238354.0)	(29.0, 276784.0)	(30.0, 329210.0)	(31.0, 387485.0)	(32.0, 506970.0)	(33.0, 678273.0)	(34.0, 889037.0)	(35.0, 1249227.0)	(36.0, 2116534.0)	(37.0, 3935036.0)	(38.0, 9654957.0)	(39.0, 48867906.0)	(40.0, 16633501.0)								
242M_2	(3.0, 3.0)	(4.0, 11.0)	(5.0, 15.0)	(6.0, 29.0)	(7.0, 41.0)	(8.0, 73.0)	(9.0, 98.0)	(10.0, 136.0)	(11.0, 182.0)	(12.0, 255.0)	(13.0, 258.0)	(14.0, 374.0)	(15.0, 478.0)	(16.0, 1115.0)	(17.0, 4511.0)	(18.0, 20495.0)	(19.0, 68462.0)	(20.0, 111138.0)	(21.0, 95229.0)	(22.0, 82562.0)	(23.0, 85042.0)	(24.0, 99616.0)	(25.0, 114767.0)	(26.0, 132566.0)	(27.0, 149043.0)	(28.0, 179447.0)	(29.0, 219365.0)	(30.0, 269786.0)	(31.0, 311540.0)	(32.0, 392678.0)	(33.0, 515744.0)	(34.0, 733200.0)	(35.0, 1093534.0)	(36.0, 1945398.0)	(37.0, 4073424.0)	(38.0, 11483561.0)	(39.0, 52601524.0)	(40.0, 12008068.0)
269M_1	(13.0, 1.0)	(14.0, 1.0)	(15.0, 2.0)	(16.0, 2.0)	(17.0, 142.0)	(18.0, 2273.0)	(19.0, 13812.0)	(20.0, 43894.0)	(21.0, 80487.0)	(22.0, 105996.0)	(23.0, 124132.0)	(24.0, 151814.0)	(25.0, 176281.0)	(26.0, 205146.0)	(27.0, 229949.0)	(28.0, 273458.0)	(29.0, 320855.0)	(30.0, 385007.0)	(31.0, 465197.0)	(32.0, 632823.0)	(33.0, 859467.0)	(34.0, 1082128.0)	(35.0, 1513627.0)	(36.0, 2583588.0)	(37.0, 4817603.0)	(38.0, 11556421.0)	(39.0, 53541654.0)	(40.0, 17841074.0)										
269M_2	(3.0, 1.0)	(4.0, 10.0)	(5.0, 22.0)	(6.0, 23.0)	(7.0, 39.0)	(8.0, 77.0)	(9.0, 95.0)	(10.0, 130.0)	(11.0, 177.0)	(12.0, 225.0)	(13.0, 276.0)	(14.0, 318.0)	(15.0, 517.0)	(16.0, 1310.0)	(17.0, 4876.0)	(18.0, 19935.0)	(19.0, 64690.0)	(20.0, 111945.0)	(21.0, 104190.0)	(22.0, 93071.0)	(23.0, 95126.0)	(24.0, 110810.0)	(25.0, 127097.0)	(26.0, 147351.0)	(27.0, 170640.0)	(28.0, 215349.0)	(29.0, 278096.0)	(30.0, 341301.0)	(31.0, 387298.0)	(32.0, 483070.0)	(33.0, 631791.0)	(34.0, 890877.0)	(35.0, 1320232.0)	(36.0, 2334143.0)	(37.0, 4864307.0)	(38.0, 13287266.0)	(39.0, 57463188.0)	(40.0, 13456965.0)
270M_1	(12.0, 1.0)	(13.0, 3.0)	(14.0, 3.0)	(15.0, 0.0)	(16.0, 6.0)	(17.0, 110.0)	(18.0, 2233.0)	(19.0, 13770.0)	(20.0, 45772.0)	(21.0, 85350.0)	(22.0, 109164.0)	(23.0, 124458.0)	(24.0, 151328.0)	(25.0, 177355.0)	(26.0, 206064.0)	(27.0, 232166.0)	(28.0, 276152.0)	(29.0, 324389.0)	(30.0, 389357.0)	(31.0, 474913.0)	(32.0, 664837.0)	(33.0, 870311.0)	(34.0, 1066146.0)	(35.0, 1502164.0)	(36.0, 2559710.0)	(37.0, 4776182.0)	(38.0, 11555843.0)	(39.0, 55293337.0)	(40.0, 19109517.0)									
270M_2	(4.0, 5.0)	(5.0, 21.0)	(6.0, 19.0)	(7.0, 42.0)	(8.0, 75.0)	(9.0, 124.0)	(10.0, 156.0)	(11.0, 200.0)	(12.0, 259.0)	(13.0, 279.0)	(14.0, 322.0)	(15.0, 529.0)	(16.0, 1268.0)	(17.0, 5019.0)	(18.0, 21433.0)	(19.0, 71480.0)	(20.0, 121786.0)	(21.0, 109813.0)	(22.0, 96083.0)	(23.0, 98208.0)	(24.0, 115481.0)	(25.0, 133314.0)	(26.0, 155728.0)	(27.0, 178739.0)	(28.0, 223279.0)	(29.0, 283608.0)	(30.0, 362880.0)	(31.0, 419650.0)	(32.0, 512617.0)	(33.0, 660727.0)	(34.0, 923977.0)	(35.0, 1366856.0)	(36.0, 2403527.0)	(37.0, 4972768.0)	(38.0, 13539695.0)	(39.0, 59096485.0)	(40.0, 14134189.0)	
271M_1	(11.0, 2.0)	(12.0, 1.0)	(13.0, 0.0)	(14.0, 3.0)	(15.0, 3.0)	(16.0, 9.0)	(17.0, 139.0)	(18.0, 3136.0)	(19.0, 19383.0)	(20.0, 61188.0)	(21.0, 102339.0)	(22.0, 113391.0)	(23.0, 118760.0)	(24.0, 141239.0)	(25.0, 163585.0)	(26.0, 189064.0)	(27.0, 213952.0)	(28.0, 253828.0)	(29.0, 298207.0)	(30.0, 357392.0)	(31.0, 427993.0)	(32.0, 577626.0)	(33.0, 791089.0)	(34.0, 1029713.0)	(35.0, 1432853.0)	(36.0, 2435733.0)	(37.0, 4577902.0)	(38.0, 11241570.0)	(39.0, 51463233.0)	(40.0, 15563253.0)								
271M_2	(3.0, 5.0)	(4.0, 5.0)	(5.0, 22.0)	(6.0, 23.0)	(7.0, 54.0)	(8.0, 86.0)	(9.0, 93.0)	(10.0, 142.0)	(11.0, 203.0)	(12.0, 264.0)	(13.0, 299.0)	(14.0, 362.0)	(15.0, 567.0)	(16.0, 1391.0)	(17.0, 5609.0)	(18.0, 27248.0)	(19.0, 92301.0)	(20.0, 145342.0)	(21.0, 119818.0)	(22.0, 102049.0)	(23.0, 103477.0)	(24.0, 120710.0)	(25.0, 138303.0)	(26.0, 159320.0)	(27.0, 181418.0)	(28.0, 221900.0)	(29.0, 274065.0)	(30.0, 349411.0)	(31.0, 420941.0)	(32.0, 527876.0)	(33.0, 675220.0)	(34.0, 946510.0)	(35.0, 1409251.0)	(36.0, 2511143.0)	(37.0, 5197390.0)	(38.0, 13853205.0)	(39.0, 53429872.0)	(40.0, 10560691.0)
272M_1	(15.0, 2.0)	(16.0, 4.0)	(17.0, 89.0)	(18.0, 1901.0)	(19.0, 11664.0)	(20.0, 39393.0)	(21.0, 73249.0)	(22.0, 95721.0)	(23.0, 111146.0)	(24.0, 136586.0)	(25.0, 159772.0)	(26.0, 186471.0)	(27.0, 210528.0)	(28.0, 251436.0)	(29.0, 295987.0)	(30.0, 356523.0)	(31.0, 427950.0)	(32.0, 570709.0)	(33.0, 769714.0)	(34.0, 1047130.0)	(35.0, 1489608.0)	(36.0, 2567324.0)	(37.0, 4868922.0)	(38.0, 11999624.0)	(39.0, 51528129.0)	(40.0, 13222302.0)												
272M_2	(3.0, 1.0)	(4.0, 7.0)	(5.0, 17.0)	(6.0, 29.0)	(7.0, 63.0)	(8.0, 92.0)	(9.0, 106.0)	(10.0, 186.0)	(11.0, 187.0)	(12.0, 287.0)	(13.0, 331.0)	(14.0, 384.0)	(15.0, 516.0)	(16.0, 1242.0)	(17.0, 4844.0)	(18.0, 19917.0)	(19.0, 64646.0)	(20.0, 108131.0)	(21.0, 101411.0)	(22.0, 93055.0)	(23.0, 95933.0)	(24.0, 112041.0)	(25.0, 128865.0)	(26.0, 148902.0)	(27.0, 171741.0)	(28.0, 210722.0)	(29.0, 261606.0)	(30.0, 333725.0)	(31.0, 401282.0)	(32.0, 504719.0)	(33.0, 652769.0)	(34.0, 915153.0)	(35.0, 1367534.0)	(36.0, 2450296.0)	(37.0, 5136594.0)	(38.0, 13839235.0)	(39.0, 53466127.0)	(40.0, 9829188.0)
69M_1	(14.0, 1.0)	(15.0, 2.0)	(16.0, 8.0)	(17.0, 81.0)	(18.0, 1689.0)	(19.0, 11447.0)	(20.0, 39047.0)	(21.0, 74201.0)	(22.0, 97835.0)	(23.0, 116153.0)	(24.0, 142047.0)	(25.0, 165980.0)	(26.0, 194148.0)	(27.0, 216943.0)	(28.0, 259329.0)	(29.0, 303838.0)	(30.0, 365882.0)	(31.0, 443179.0)	(32.0, 598704.0)	(33.0, 786533.0)	(34.0, 1030687.0)	(35.0, 1461004.0)	(36.0, 2501634.0)	(37.0, 4713249.0)	(38.0, 11662903.0)	(39.0, 53662542.0)	(40.0, 15420036.0)											
69M_2	(3.0, 2.0)	(4.0, 5.0)	(5.0, 19.0)	(6.0, 23.0)	(7.0, 50.0)	(8.0, 87.0)	(9.0, 117.0)	(10.0, 159.0)	(11.0, 210.0)	(12.0, 288.0)	(13.0, 326.0)	(14.0, 368.0)	(15.0, 489.0)	(16.0, 1298.0)	(17.0, 4967.0)	(18.0, 20228.0)	(19.0, 65050.0)	(20.0, 107798.0)	(21.0, 97620.0)	(22.0, 88113.0)	(23.0, 91311.0)	(24.0, 106304.0)	(25.0, 123264.0)	(26.0, 144158.0)	(27.0, 166084.0)	(28.0, 205306.0)	(29.0, 259143.0)	(30.0, 324382.0)	(31.0, 374039.0)	(32.0, 463940.0)	(33.0, 601301.0)	(34.0, 845745.0)	(35.0, 1256253.0)	(36.0, 2236486.0)	(37.0, 4696313.0)	(38.0, 13007233.0)	(39.0, 57152555.0)	(40.0, 11828068.0)
70M_1	(13.0, 1.0)	(14.0, 0.0)	(15.0, 2.0)	(16.0, 6.0)	(17.0, 139.0)	(18.0, 2544.0)	(19.0, 17654.0)	(20.0, 61452.0)	(21.0, 108751.0)	(22.0, 120069.0)	(23.0, 122733.0)	(24.0, 145946.0)	(25.0, 169581.0)	(26.0, 196227.0)	(27.0, 220669.0)	(28.0, 262021.0)	(29.0, 307099.0)	(30.0, 364419.0)	(31.0, 441475.0)	(32.0, 597457.0)	(33.0, 768272.0)	(34.0, 981215.0)	(35.0, 1407931.0)	(36.0, 2417193.0)	(37.0, 4587205.0)	(38.0, 11462047.0)	(39.0, 53949869.0)	(40.0, 15674105.0)										
70M_2	(3.0, 1.0)	(4.0, 10.0)	(5.0, 38.0)	(6.0, 41.0)	(7.0, 54.0)	(8.0, 93.0)	(9.0, 150.0)	(10.0, 167.0)	(11.0, 226.0)	(12.0, 284.0)	(13.0, 301.0)	(14.0, 460.0)	(15.0, 549.0)	(16.0, 1516.0)	(17.0, 6180.0)	(18.0, 28209.0)	(19.0, 94896.0)	(20.0, 149128.0)	(21.0, 117352.0)	(22.0, 97319.0)	(23.0, 98502.0)	(24.0, 115412.0)	(25.0, 132737.0)	(26.0, 153764.0)	(27.0, 176040.0)	(28.0, 215244.0)	(29.0, 267195.0)	(30.0, 336719.0)	(31.0, 398730.0)	(32.0, 495787.0)	(33.0, 638467.0)	(34.0, 895080.0)	(35.0, 1340536.0)	(36.0, 2413234.0)	(37.0, 5125694.0)	(38.0, 14140352.0)	(39.0, 56371694.0)	(40.0, 10573921.0)
71M_1	(13.0, 1.0)	(14.0, 1.0)	(15.0, 3.0)	(16.0, 4.0)	(17.0, 96.0)	(18.0, 1734.0)	(19.0, 11198.0)	(20.0, 37542.0)	(21.0, 71335.0)	(22.0, 95081.0)	(23.0, 113260.0)	(24.0, 138363.0)	(25.0, 163259.0)	(26.0, 190119.0)	(27.0, 211299.0)	(28.0, 251013.0)	(29.0, 293218.0)	(30.0, 347645.0)	(31.0, 412483.0)	(32.0, 544570.0)	(33.0, 730592.0)	(34.0, 939064.0)	(35.0, 1319560.0)	(36.0, 2255149.0)	(37.0, 4240687.0)	(38.0, 10493115.0)	(39.0, 51175165.0)	(40.0, 16794725.0)										
71M_2	(3.0, 1.0)	(4.0, 10.0)	(5.0, 25.0)	(6.0, 34.0)	(7.0, 37.0)	(8.0, 77.0)	(9.0, 129.0)	(10.0, 146.0)	(11.0, 211.0)	(12.0, 267.0)	(13.0, 297.0)	(14.0, 369.0)	(15.0, 509.0)	(16.0, 1287.0)	(17.0, 5140.0)	(18.0, 20078.0)	(19.0, 62499.0)	(20.0, 103726.0)	(21.0, 95992.0)	(22.0, 86683.0)	(23.0, 91526.0)	(24.0, 108310.0)	(25.0, 125655.0)	(26.0, 146737.0)	(27.0, 170187.0)	(28.0, 212231.0)	(29.0, 267722.0)	(30.0, 316005.0)	(31.0, 353454.0)	(32.0, 447419.0)	(33.0, 575316.0)	(34.0, 801600.0)	(35.0, 1178688.0)	(36.0, 2094485.0)	(37.0, 4375167.0)	(38.0, 12023271.0)	(39.0, 54404934.0)	(40.0, 12760057.0)
72M_1	(12.0, 1.0)	(13.0, 1.0)	(14.0, 0.0)	(15.0, 6.0)	(16.0, 4.0)	(17.0, 114.0)	(18.0, 2037.0)	(19.0, 14724.0)	(20.0, 51529.0)	(21.0, 94169.0)	(22.0, 110511.0)	(23.0, 117576.0)	(24.0, 140930.0)	(25.0, 164562.0)	(26.0, 191258.0)	(27.0, 214666.0)	(28.0, 254739.0)	(29.0, 296200.0)	(30.0, 350955.0)	(31.0, 413155.0)	(32.0, 545276.0)	(33.0, 731267.0)	(34.0, 952740.0)	(35.0, 1335928.0)	(36.0, 2279650.0)	(37.0, 4301172.0)	(38.0, 10724672.0)	(39.0, 51944486.0)	(40.0, 17044623.0)									
72M_2	(3.0, 1.0)	(4.0, 12.0)	(5.0, 27.0)	(6.0, 40.0)	(7.0, 48.0)	(8.0, 102.0)	(9.0, 140.0)	(10.0, 163.0)	(11.0, 193.0)	(12.0, 285.0)	(13.0, 313.0)	(14.0, 390.0)	(15.0, 539.0)	(16.0, 1396.0)	(17.0, 5406.0)	(18.0, 24563.0)	(19.0, 84666.0)	(20.0, 134603.0)	(21.0, 110563.0)	(22.0, 94410.0)	(23.0, 97636.0)	(24.0, 114743.0)	(25.0, 132634.0)	(26.0, 153000.0)	(27.0, 173787.0)	(28.0, 215615.0)	(29.0, 266873.0)	(30.0, 331966.0)	(31.0, 386282.0)	(32.0, 475505.0)	(33.0, 610081.0)	(34.0, 854755.0)	(35.0, 1267995.0)	(36.0, 2265388.0)	(37.0, 4750829.0)	(38.0, 13053666.0)	(39.0, 55210507.0)	(40.0, 11457829.0)
78M_1	(17.0, 65.0)	(18.0, 1452.0)	(19.0, 11440.0)	(20.0, 41986.0)	(21.0, 80778.0)	(22.0, 106209.0)	(23.0, 123147.0)	(24.0, 151575.0)	(25.0, 178224.0)	(26.0, 208921.0)	(27.0, 234444.0)	(28.0, 278987.0)	(29.0, 327036.0)	(30.0, 390801.0)	(31.0, 470632.0)	(32.0, 622793.0)	(33.0, 819739.0)	(34.0, 1081960.0)	(35.0, 1553816.0)	(36.0, 2688403.0)	(37.0, 5138283.0)	(38.0, 12820098.0)	(39.0, 55867853.0)	(40.0, 14872228.0)														
78M_2	(4.0, 12.0)	(5.0, 26.0)	(6.0, 33.0)	(7.0, 53.0)	(8.0, 104.0)	(9.0, 161.0)	(10.0, 180.0)	(11.0, 250.0)	(12.0, 311.0)	(13.0, 409.0)	(14.0, 440.0)	(15.0, 620.0)	(16.0, 1553.0)	(17.0, 5668.0)	(18.0, 22403.0)	(19.0, 72820.0)	(20.0, 120574.0)	(21.0, 108072.0)	(22.0, 98243.0)	(23.0, 102623.0)	(24.0, 122460.0)	(25.0, 143097.0)	(26.0, 167456.0)	(27.0, 195069.0)	(28.0, 245142.0)	(29.0, 307509.0)	(30.0, 367047.0)	(31.0, 408772.0)	(32.0, 510030.0)	(33.0, 664947.0)	(34.0, 938184.0)	(35.0, 1400580.0)	(36.0, 2510839.0)	(37.0, 5228788.0)	(38.0, 14181514.0)	(39.0, 59306355.0)	(40.0, 10838526.0)	
79M_1	(13.0, 1.0)	(14.0, 0.0)	(15.0, 2.0)	(16.0, 10.0)	(17.0, 153.0)	(18.0, 2863.0)	(19.0, 17263.0)	(20.0, 50689.0)	(21.0, 83320.0)	(22.0, 99489.0)	(23.0, 112452.0)	(24.0, 134723.0)	(25.0, 158734.0)	(26.0, 184375.0)	(27.0, 208302.0)	(28.0, 248563.0)	(29.0, 292182.0)	(30.0, 350660.0)	(31.0, 421302.0)	(32.0, 560164.0)	(33.0, 759672.0)	(34.0, 1022903.0)	(35.0, 1453253.0)	(36.0, 2510669.0)	(37.0, 4746407.0)	(38.0, 11667550.0)	(39.0, 50610995.0)	(40.0, 13390645.0)										
79M_2	(4.0, 7.0)	(5.0, 24.0)	(6.0, 35.0)	(7.0, 50.0)	(8.0, 97.0)	(9.0, 112.0)	(10.0, 125.0)	(11.0, 188.0)	(12.0, 238.0)	(13.0, 313.0)	(14.0, 350.0)	(15.0, 501.0)	(16.0, 1345.0)	(17.0, 5380.0)	(18.0, 23074.0)	(19.0, 73879.0)	(20.0, 117887.0)	(21.0, 105297.0)	(22.0, 93622.0)	(23.0, 95304.0)	(24.0, 111417.0)	(25.0, 127010.0)	(26.0, 146523.0)	(27.0, 165826.0)	(28.0, 205852.0)	(29.0, 257408.0)	(30.0, 326745.0)	(31.0, 388740.0)	(32.0, 486835.0)	(33.0, 632249.0)	(34.0, 889922.0)	(35.0, 1336992.0)	(36.0, 2407786.0)	(37.0, 5064656.0)	(38.0, 13672898.0)	(39.0, 52620280.0)	(40.0, 9728374.0)	
80M_1	(13.0, 3.0)	(14.0, 2.0)	(15.0, 2.0)	(16.0, 8.0)	(17.0, 113.0)	(18.0, 2172.0)	(19.0, 14988.0)	(20.0, 50263.0)	(21.0, 89418.0)	(22.0, 105831.0)	(23.0, 116183.0)	(24.0, 140175.0)	(25.0, 163988.0)	(26.0, 190903.0)	(27.0, 214434.0)	(28.0, 256773.0)	(29.0, 301244.0)	(30.0, 361788.0)	(31.0, 442113.0)	(32.0, 612431.0)	(33.0, 766045.0)	(34.0, 978786.0)	(35.0, 1411292.0)	(36.0, 2433178.0)	(37.0, 4613231.0)	(38.0, 11433531.0)	(39.0, 52678466.0)	(40.0, 15416067.0)										
80M_2	(3.0, 2.0)	(4.0, 5.0)	(5.0, 20.0)	(6.0, 27.0)	(7.0, 65.0)	(8.0, 92.0)	(9.0, 108.0)	(10.0, 153.0)	(11.0, 204.0)	(12.0, 284.0)	(13.0, 309.0)	(14.0, 361.0)	(15.0, 527.0)	(16.0, 1305.0)	(17.0, 5263.0)	(18.0, 23605.0)	(19.0, 79045.0)	(20.0, 126448.0)	(21.0, 107386.0)	(22.0, 92694.0)	(23.0, 94493.0)	(24.0, 110226.0)	(25.0, 127306.0)	(26.0, 147499.0)	(27.0, 167037.0)	(28.0, 205105.0)	(29.0, 255375.0)	(30.0, 322782.0)	(31.0, 380504.0)	(32.0, 469416.0)	(33.0, 604712.0)	(34.0, 847092.0)	(35.0, 1262047.0)	(36.0, 2257085.0)	(37.0, 4761863.0)	(38.0, 13127475.0)	(39.0, 55670625.0)	(40.0, 11544883.0)
81M_1	(14.0, 2.0)	(15.0, 2.0)	(16.0, 7.0)	(17.0, 109.0)	(18.0, 1871.0)	(19.0, 12024.0)	(20.0, 40548.0)	(21.0, 74116.0)	(22.0, 96406.0)	(23.0, 112261.0)	(24.0, 138400.0)	(25.0, 160780.0)	(26.0, 188598.0)	(27.0, 212598.0)	(28.0, 253591.0)	(29.0, 295847.0)	(30.0, 356453.0)	(31.0, 426986.0)	(32.0, 574561.0)	(33.0, 777331.0)	(34.0, 991561.0)	(35.0, 1416075.0)	(36.0, 2453276.0)	(37.0, 4674960.0)	(38.0, 11599075.0)	(39.0, 52034520.0)	(40.0, 14508379.0)											
81M_2	(4.0, 12.0)	(5.0, 22.0)	(6.0, 29.0)	(7.0, 32.0)	(8.0, 89.0)	(9.0, 124.0)	(10.0, 155.0)	(11.0, 205.0)	(12.0, 299.0)	(13.0, 366.0)	(14.0, 370.0)	(15.0, 524.0)	(16.0, 1316.0)	(17.0, 5068.0)	(18.0, 20711.0)	(19.0, 65773.0)	(20.0, 109466.0)	(21.0, 99835.0)	(22.0, 90448.0)	(23.0, 93675.0)	(24.0, 110755.0)	(25.0, 127703.0)	(26.0, 148508.0)	(27.0, 171802.0)	(28.0, 214621.0)	(29.0, 276322.0)	(30.0, 336654.0)	(31.0, 379501.0)	(32.0, 476019.0)	(33.0, 621034.0)	(34.0, 881390.0)	(35.0, 1317116.0)	(36.0, 2369679.0)	(37.0, 4967119.0)	(38.0, 13695118.0)	(39.0, 55081991.0)	(40.0, 9736486.0)	
92M_1	(14.0, 4.0)	(15.0, 5.0)	(16.0, 8.0)	(17.0, 91.0)	(18.0, 1626.0)	(19.0, 11110.0)	(20.0, 39052.0)	(21.0, 72664.0)	(22.0, 94240.0)	(23.0, 108497.0)	(24.0, 133116.0)	(25.0, 156042.0)	(26.0, 180828.0)	(27.0, 204288.0)	(28.0, 243794.0)	(29.0, 285553.0)	(30.0, 343686.0)	(31.0, 416300.0)	(32.0, 561524.0)	(33.0, 733597.0)	(34.0, 961606.0)	(35.0, 1380835.0)	(36.0, 2392886.0)	(37.0, 4557249.0)	(38.0, 11415726.0)	(39.0, 53552196.0)	(40.0, 15335678.0)											
92M_2	(4.0, 6.0)	(5.0, 16.0)	(6.0, 35.0)	(7.0, 50.0)	(8.0, 101.0)	(9.0, 117.0)	(10.0, 162.0)	(11.0, 216.0)	(12.0, 306.0)	(13.0, 309.0)	(14.0, 383.0)	(15.0, 543.0)	(16.0, 1202.0)	(17.0, 4600.0)	(18.0, 19114.0)	(19.0, 63666.0)	(20.0, 108683.0)	(21.0, 98079.0)	(22.0, 87216.0)	(23.0, 90012.0)	(24.0, 104906.0)	(25.0, 120483.0)	(26.0, 138170.0)	(27.0, 157758.0)	(28.0, 193960.0)	(29.0, 240113.0)	(30.0, 304221.0)	(31.0, 361509.0)	(32.0, 452403.0)	(33.0, 587615.0)	(34.0, 831835.0)	(35.0, 1253260.0)	(36.0, 2271019.0)	(37.0, 4844250.0)	(38.0, 13613929.0)	(39.0, 57297006.0)	(40.0, 9934948.0)	
93M_1	(14.0, 1.0)	(15.0, 1.0)	(16.0, 4.0)	(17.0, 78.0)	(18.0, 1470.0)	(19.0, 9426.0)	(20.0, 33181.0)	(21.0, 66647.0)	(22.0, 92997.0)	(23.0, 112006.0)	(24.0, 138292.0)	(25.0, 161868.0)	(26.0, 187839.0)	(27.0, 212010.0)	(28.0, 252340.0)	(29.0, 294617.0)	(30.0, 351608.0)	(31.0, 422220.0)	(32.0, 571110.0)	(33.0, 750876.0)	(34.0, 960603.0)	(35.0, 1357678.0)	(36.0, 2317197.0)	(37.0, 4372531.0)	(38.0, 10852095.0)	(39.0, 51647818.0)	(40.0, 16965602.0)											
93M_2	(3.0, 3.0)	(4.0, 13.0)	(5.0, 25.0)	(6.0, 38.0)	(7.0, 62.0)	(8.0, 89.0)	(9.0, 125.0)	(10.0, 168.0)	(11.0, 214.0)	(12.0, 317.0)	(13.0, 363.0)	(14.0, 412.0)	(15.0, 538.0)	(16.0, 1195.0)	(17.0, 4160.0)	(18.0, 17741.0)	(19.0, 60478.0)	(20.0, 104787.0)	(21.0, 98334.0)	(22.0, 90491.0)	(23.0, 94675.0)	(24.0, 110787.0)	(25.0, 127483.0)	(26.0, 147097.0)	(27.0, 168326.0)	(28.0, 207150.0)	(29.0, 260440.0)	(30.0, 327397.0)	(31.0, 378722.0)	(32.0, 467273.0)	(33.0, 597502.0)	(34.0, 836875.0)	(35.0, 1240183.0)	(36.0, 2206509.0)	(37.0, 4586086.0)	(38.0, 12494777.0)	(39.0, 55467206.0)	(40.0, 12034074.0)
94M_1	(12.0, 1.0)	(13.0, 0.0)	(14.0, 0.0)	(15.0, 2.0)	(16.0, 3.0)	(17.0, 84.0)	(18.0, 1570.0)	(19.0, 10716.0)	(20.0, 38810.0)	(21.0, 75244.0)	(22.0, 100688.0)	(23.0, 119989.0)	(24.0, 147079.0)	(25.0, 172886.0)	(26.0, 200414.0)	(27.0, 224321.0)	(28.0, 265649.0)	(29.0, 311567.0)	(30.0, 371423.0)	(31.0, 451738.0)	(32.0, 625033.0)	(33.0, 816611.0)	(34.0, 1006608.0)	(35.0, 1414812.0)	(36.0, 2402919.0)	(37.0, 4505557.0)	(38.0, 11130666.0)	(39.0, 53583742.0)	(40.0, 17570613.0)									
94M_2	(3.0, 1.0)	(4.0, 5.0)	(5.0, 10.0)	(6.0, 31.0)	(7.0, 44.0)	(8.0, 80.0)	(9.0, 113.0)	(10.0, 175.0)	(11.0, 217.0)	(12.0, 320.0)	(13.0, 321.0)	(14.0, 389.0)	(15.0, 504.0)	(16.0, 1214.0)	(17.0, 4875.0)	(18.0, 20261.0)	(19.0, 68144.0)	(20.0, 115055.0)	(21.0, 104927.0)	(22.0, 93641.0)	(23.0, 96844.0)	(24.0, 114550.0)	(25.0, 133612.0)	(26.0, 156259.0)	(27.0, 178150.0)	(28.0, 217854.0)	(29.0, 270952.0)	(30.0, 342161.0)	(31.0, 402026.0)	(32.0, 494203.0)	(33.0, 627876.0)	(34.0, 870882.0)	(35.0, 1279455.0)	(36.0, 2261962.0)	(37.0, 4694561.0)	(38.0, 12838484.0)	(39.0, 57138047.0)	(40.0, 13020540.0)
95M_1	(17.0, 60.0)	(18.0, 1144.0)	(19.0, 8965.0)	(20.0, 33594.0)	(21.0, 65552.0)	(22.0, 86654.0)	(23.0, 101946.0)	(24.0, 125637.0)	(25.0, 147491.0)	(26.0, 173016.0)	(27.0, 195760.0)	(28.0, 233589.0)	(29.0, 274789.0)	(30.0, 329341.0)	(31.0, 392211.0)	(32.0, 516991.0)	(33.0, 702642.0)	(34.0, 957637.0)	(35.0, 1359563.0)	(36.0, 2348052.0)	(37.0, 4508860.0)	(38.0, 11332990.0)	(39.0, 49436641.0)	(40.0, 12819833.0)														
95M_2	(4.0, 5.0)	(5.0, 20.0)	(6.0, 28.0)	(7.0, 49.0)	(8.0, 74.0)	(9.0, 114.0)	(10.0, 136.0)	(11.0, 214.0)	(12.0, 259.0)	(13.0, 337.0)	(14.0, 382.0)	(15.0, 541.0)	(16.0, 1308.0)	(17.0, 4957.0)	(18.0, 19806.0)	(19.0, 64968.0)	(20.0, 106848.0)	(21.0, 97497.0)	(22.0, 89522.0)	(23.0, 94247.0)	(24.0, 110244.0)	(25.0, 127444.0)	(26.0, 149559.0)	(27.0, 171575.0)	(28.0, 213984.0)	(29.0, 273094.0)	(30.0, 345745.0)	(31.0, 398160.0)	(32.0, 491672.0)	(33.0, 637726.0)	(34.0, 900850.0)	(35.0, 1351219.0)	(36.0, 2411314.0)	(37.0, 4993840.0)	(38.0, 13294353.0)	(39.0, 51160802.0)	(40.0, 8640065.0)	
